; sprite_bytes.txt -- AUTO-GENERATED by sprite_export.py
; Paste from SPRITE_TABLE: down, replacing all DUP(?) lines in DATA.ASM
; Color 0 = transparent  |  global_index = DIFFICULTY*10 + CURRENT_WORD

SPRITE_TABLE:

    ; ==========================================================
    ; Easy (0-9)
    ; ==========================================================
    ; CAT  (00_CAT.png)
    DB 0,0,0,0,0,0,0,0,0,0,0,0,0,0,0,0,0,0,0,0,0,0,0,0,0,0,0,0,0,0,0,0
    DB 0,0,0,0,0,0,0,0,0,0,0,0,0,0,0,0,0,0,0,0,0,0,0,0,0,0,0,0,0,0,0,0
    DB 0,0,0,0,0,0,0,0,0,0,0,0,0,0,0,0,0,0,0,0,0,0,0,0,0,0,0,0,0,0,0,0
    DB 0,0,0,0,188,188,0,0,0,0,0,0,188,188,0,0,0,0,0,0,0,0,0,0,0,0,0,0,0,0,0,0
    DB 0,0,0,0,188,188,0,0,0,0,0,0,188,188,0,0,0,0,0,0,0,0,0,0,0,0,0,0,0,0,0,0
    DB 0,0,0,188,188,188,102,102,188,188,102,102,188,188,188,0,0,0,0,0,0,0,0,0,0,0,0,0,0,0,0,0
    DB 0,0,0,188,188,188,188,188,188,188,188,188,188,188,188,0,0,0,0,0,0,0,0,0,0,0,0,0,0,0,0,0
    DB 0,0,0,188,188,0,0,188,188,188,188,0,0,188,188,0,0,0,0,0,0,0,0,188,188,0,0,0,0,0,0,0
    DB 0,0,188,188,188,15,15,0,0,15,15,188,188,188,0,0,0,0,0,0,0,0,0,102,102,0,0,0,0,0,0,0
    DB 0,0,15,15,15,15,0,0,0,0,15,15,15,15,0,0,0,0,0,0,0,0,0,188,188,0,0,0,0,0,0,0
    DB 0,0,0,0,15,15,15,15,15,15,15,15,15,15,0,0,0,0,0,0,0,0,0,102,102,0,0,0,0,0,0,0
    DB 0,0,0,0,0,0,0,0,0,0,0,0,0,0,0,0,0,0,0,0,0,0,0,188,188,0,0,0,0,0,0,0
    DB 0,0,0,0,15,15,15,15,15,15,15,15,188,188,0,0,0,0,0,0,0,0,0,102,102,0,0,0,0,0,0,0
    DB 0,0,0,0,15,15,15,15,15,15,15,15,188,188,188,188,0,0,0,0,0,0,0,188,188,0,0,0,0,0,0,0
    DB 0,0,0,0,102,102,15,15,15,15,102,102,188,188,188,188,0,0,0,0,0,0,102,102,0,0,0,0,0,0,0,0
    DB 0,0,0,0,15,15,102,15,15,102,15,15,188,188,102,188,188,0,0,0,0,188,188,0,0,0,0,0,0,0,0,0
    DB 0,0,0,0,15,15,15,15,15,15,15,15,188,188,188,188,188,0,0,0,102,102,0,0,0,0,0,0,0,0,0,0
    DB 0,0,0,0,102,15,15,15,15,15,15,102,188,188,102,188,188,0,188,188,188,0,0,0,0,0,0,0,0,0,0,0
    DB 0,0,0,0,15,102,15,15,15,15,102,15,188,188,188,188,188,0,102,102,0,0,0,0,0,0,0,0,0,0,0,0
    DB 0,0,0,0,15,15,15,15,15,15,15,15,188,188,102,188,188,0,188,0,0,0,0,0,0,0,0,0,0,0,0,0
    DB 0,0,0,0,15,15,15,15,15,15,15,15,188,188,188,188,188,0,0,0,0,0,0,0,0,0,0,0,0,0,0,0
    DB 0,0,0,0,102,102,0,0,102,102,0,0,188,188,188,188,188,0,0,0,0,0,0,0,0,0,0,0,0,0,0,0
    DB 0,0,0,0,188,188,0,0,188,188,0,0,188,188,102,188,188,0,0,0,0,0,0,0,0,0,0,0,0,0,0,0
    DB 0,0,0,0,102,102,0,0,102,102,0,0,188,188,188,188,188,0,0,0,0,0,0,0,0,0,0,0,0,0,0,0
    DB 0,0,0,0,15,15,0,0,15,15,0,0,0,0,0,0,0,0,0,0,0,0,0,0,0,0,0,0,0,0,0,0
    DB 0,0,0,0,0,0,0,0,0,0,0,0,0,0,0,0,0,0,0,0,0,0,0,0,0,0,0,0,0,0,0,0
    DB 0,0,0,0,0,0,0,0,0,0,0,0,0,0,0,0,0,0,0,0,0,0,0,0,0,0,0,0,0,0,0,0
    DB 0,0,0,0,0,0,0,0,0,0,0,0,0,0,0,0,0,0,0,0,0,0,0,0,0,0,0,0,0,0,0,0
    DB 0,0,0,0,0,0,0,0,0,0,0,0,0,0,0,0,0,0,0,0,0,0,0,0,0,0,0,0,0,0,0,0
    DB 0,0,0,0,0,0,0,0,0,0,0,0,0,0,0,0,0,0,0,0,0,0,0,0,0,0,0,0,0,0,0,0
    DB 0,0,0,0,0,0,0,0,0,0,0,0,0,0,0,0,0,0,0,0,0,0,0,0,0,0,0,0,0,0,0,0
    DB 0,0,0,0,0,0,0,0,0,0,0,0,0,0,0,0,0,0,0,0,0,0,0,0,0,0,0,0,0,0,0,0
    ; DOG  (01_DOG.png)
    DB 0,0,0,0,0,0,0,0,0,0,0,0,0,0,0,0,0,0,0,0,0,0,0,0,0,0,0,0,0,0,0,0
    DB 0,0,0,0,0,0,0,0,0,0,0,0,0,0,0,0,0,0,0,0,0,0,0,0,0,0,0,0,0,0,0,0
    DB 0,0,0,0,0,0,0,0,0,0,0,0,0,0,0,0,0,0,0,0,0,0,0,0,0,0,0,0,0,0,0,0
    DB 0,0,0,0,0,0,0,0,0,0,0,0,0,0,0,0,0,0,0,0,0,0,0,0,0,0,0,0,0,0,0,0
    DB 0,0,0,0,0,0,0,0,0,0,0,0,0,0,0,0,0,0,0,0,0,0,0,0,0,0,0,0,0,0,0,0
    DB 0,0,0,0,0,0,0,222,0,0,0,0,0,222,0,0,0,0,0,0,0,0,0,0,0,0,0,0,0,0,0,0
    DB 0,0,0,0,0,0,222,222,222,0,0,0,222,222,222,0,0,0,0,0,0,0,0,0,0,0,0,0,0,0,0,0
    DB 0,0,0,0,0,0,222,222,222,222,0,0,222,222,222,222,0,0,0,0,0,0,0,0,0,0,0,0,0,0,0,0
    DB 0,0,0,0,0,0,222,222,222,222,222,222,222,222,222,222,222,0,0,0,0,0,0,0,0,0,0,0,0,0,0,0
    DB 0,0,0,0,0,222,222,0,222,222,222,222,222,0,222,222,222,222,0,0,0,0,0,0,0,0,0,0,0,0,0,0
    DB 0,0,0,0,222,222,222,222,222,0,0,222,222,222,222,222,222,222,0,0,0,0,0,0,0,0,0,0,0,0,0,0
    DB 0,0,0,222,222,222,222,0,0,0,0,0,0,222,222,222,222,0,0,0,0,0,0,0,222,222,222,0,0,0,0,0
    DB 0,0,0,15,15,15,15,15,0,218,218,0,15,15,222,222,222,203,222,222,222,222,222,0,222,222,222,0,0,0,0,0
    DB 0,0,0,15,15,15,15,15,0,218,218,0,15,15,222,222,222,203,222,222,222,222,222,0,222,222,222,0,0,0,0,0
    DB 0,0,0,0,15,15,15,15,15,0,0,15,15,15,222,203,203,222,222,222,222,222,222,0,222,222,0,0,0,0,0,0
    DB 0,0,0,0,0,0,203,203,203,203,203,203,203,203,203,203,222,222,222,222,222,222,222,0,0,0,0,0,0,0,0,0
    DB 0,0,0,0,0,0,15,15,15,15,15,15,15,15,15,15,222,222,222,222,222,222,222,0,0,0,0,0,0,0,0,0
    DB 0,0,0,0,0,0,15,15,15,15,15,15,15,15,15,15,222,222,222,222,222,222,222,0,0,0,0,0,0,0,0,0
    DB 0,0,0,0,0,0,15,15,15,222,222,15,15,15,15,15,222,222,222,222,222,222,222,0,0,0,0,0,0,0,0,0
    DB 0,0,0,0,0,0,15,15,222,222,222,222,15,15,15,15,222,222,222,222,222,222,222,0,0,0,0,0,0,0,0,0
    DB 0,0,0,0,0,0,222,222,0,0,0,0,222,222,15,0,222,222,222,222,222,222,222,0,0,0,0,0,0,0,0,0
    DB 0,0,0,0,0,0,222,222,0,0,0,0,222,222,0,0,0,0,0,0,0,222,222,0,0,0,0,0,0,0,0,0
    DB 0,0,0,0,0,0,15,15,0,0,0,0,15,15,0,0,0,0,0,0,0,222,222,0,0,0,0,0,0,0,0,0
    DB 0,0,0,0,0,0,15,15,0,0,0,0,15,15,0,0,0,0,0,0,0,222,222,0,0,0,0,0,0,0,0,0
    DB 0,0,0,0,0,0,0,0,0,0,0,0,0,0,0,0,0,0,0,0,0,0,0,0,0,0,0,0,0,0,0,0
    DB 0,0,0,0,0,0,0,0,0,0,0,0,0,0,0,0,0,0,0,0,0,0,0,0,0,0,0,0,0,0,0,0
    DB 0,0,0,0,0,0,0,0,0,0,0,0,0,0,0,0,0,0,0,0,0,0,0,0,0,0,0,0,0,0,0,0
    DB 0,0,0,0,0,0,0,0,0,0,0,0,0,0,0,0,0,0,0,0,0,0,0,0,0,0,0,0,0,0,0,0
    DB 0,0,0,0,0,0,0,0,0,0,0,0,0,0,0,0,0,0,0,0,0,0,0,0,0,0,0,0,0,0,0,0
    DB 0,0,0,0,0,0,0,0,0,0,0,0,0,0,0,0,0,0,0,0,0,0,0,0,0,0,0,0,0,0,0,0
    DB 0,0,0,0,0,0,0,0,0,0,0,0,0,0,0,0,0,0,0,0,0,0,0,0,0,0,0,0,0,0,0,0
    DB 0,0,0,0,0,0,0,0,0,0,0,0,0,0,0,0,0,0,0,0,0,0,0,0,0,0,0,0,0,0,0,0
    ; EGG  (02_EGG.png)
    DB 0,0,0,0,0,0,0,0,0,0,0,0,0,0,0,0,0,0,0,0,0,0,0,0,0,0,0,0,0,0,0,0
    DB 0,0,0,0,0,0,0,0,0,0,0,0,0,0,0,0,0,0,0,0,0,0,0,0,0,0,0,0,0,0,0,0
    DB 0,0,0,0,0,0,0,0,0,0,0,0,0,0,0,0,0,0,0,0,0,0,0,0,0,0,0,0,0,0,0,0
    DB 0,0,0,0,0,0,0,0,0,0,0,0,0,0,15,15,15,15,0,0,0,0,0,0,0,0,0,0,0,0,0,0
    DB 0,0,0,0,0,0,0,0,0,0,0,0,15,15,15,15,15,15,15,15,0,0,0,0,0,0,0,0,0,0,0,0
    DB 0,0,0,0,0,0,0,0,0,0,0,15,15,15,15,15,15,15,15,15,15,0,0,0,0,0,0,0,0,0,0,0
    DB 0,0,0,0,0,0,0,0,0,0,15,15,15,15,15,15,15,15,15,15,15,15,0,0,0,0,0,0,0,0,0,0
    DB 0,0,0,0,0,0,0,0,0,15,15,15,15,15,15,15,15,15,15,15,15,15,15,0,0,0,0,0,0,0,0,0
    DB 0,0,0,0,0,0,0,0,0,15,15,15,15,15,15,15,15,15,15,15,15,15,15,0,0,0,0,0,0,0,0,0
    DB 0,0,0,0,0,0,0,0,15,15,15,15,15,15,15,15,15,15,15,15,15,15,15,15,0,0,0,0,0,0,0,0
    DB 0,0,0,0,0,0,0,0,15,15,15,15,15,15,15,15,15,15,15,15,15,15,15,15,0,0,0,0,0,0,0,0
    DB 0,0,0,0,0,0,0,15,15,15,15,15,15,15,15,15,15,15,15,15,15,15,15,15,15,0,0,0,0,0,0,0
    DB 0,0,0,0,0,0,0,15,15,15,15,15,15,15,15,15,15,15,15,15,15,15,15,15,15,0,0,0,0,0,0,0
    DB 0,0,0,0,0,0,0,15,15,15,15,15,15,15,15,15,15,15,15,15,15,15,15,15,15,0,0,0,0,0,0,0
    DB 0,0,0,0,0,0,15,15,15,15,15,15,15,15,15,15,15,15,15,15,15,15,15,15,15,15,0,0,0,0,0,0
    DB 0,0,0,0,0,0,15,15,15,15,15,15,15,15,15,15,15,15,15,15,15,15,15,15,15,15,0,0,0,0,0,0
    DB 0,0,0,0,0,0,15,15,15,15,15,15,15,15,15,15,15,15,15,15,15,15,15,15,15,15,0,0,0,0,0,0
    DB 0,0,0,0,0,0,15,15,15,15,15,15,15,15,15,15,15,15,15,15,15,15,15,15,15,15,0,0,0,0,0,0
    DB 0,0,0,0,0,0,15,15,15,15,15,15,15,15,15,15,15,15,15,15,15,15,15,15,188,188,0,0,0,0,0,0
    DB 0,0,0,0,0,0,15,15,15,15,15,15,15,15,15,15,15,15,15,15,15,15,188,188,188,188,0,0,0,0,0,0
    DB 0,0,0,0,0,0,15,15,15,15,15,15,15,15,15,15,15,15,15,15,188,188,188,188,188,188,0,0,0,0,0,0
    DB 0,0,0,0,0,0,0,15,15,15,15,15,15,15,15,15,15,15,15,188,188,188,188,188,188,0,0,0,0,0,0,0
    DB 0,0,0,0,0,0,0,15,15,15,15,15,15,15,15,15,15,188,188,188,188,188,188,188,188,0,0,0,0,0,0,0
    DB 0,0,0,0,0,0,0,0,15,15,15,15,15,15,15,15,188,188,188,188,188,188,188,188,0,0,0,0,0,0,0,0
    DB 0,0,0,0,0,0,0,0,0,15,15,15,15,15,15,188,188,188,188,188,188,188,188,0,0,0,0,0,0,0,0,0
    DB 0,0,0,0,0,0,0,0,0,0,15,15,15,15,188,188,188,188,188,188,188,188,0,0,0,0,0,0,0,0,0,0
    DB 0,0,0,0,0,0,0,0,0,0,0,15,15,15,188,188,188,188,188,188,188,0,0,0,0,0,0,0,0,0,0,0
    DB 0,0,0,0,0,0,0,0,0,0,0,0,15,188,188,188,188,188,188,188,0,0,0,0,0,0,0,0,0,0,0,0
    DB 0,0,0,0,0,0,0,0,0,0,0,0,0,0,188,188,188,188,0,0,0,0,0,0,0,0,0,0,0,0,0,0
    DB 0,0,0,0,0,0,0,0,0,0,0,0,0,0,0,0,0,0,0,0,0,0,0,0,0,0,0,0,0,0,0,0
    DB 0,0,0,0,0,0,0,0,0,0,0,0,0,0,0,0,0,0,0,0,0,0,0,0,0,0,0,0,0,0,0,0
    DB 0,0,0,0,0,0,0,0,0,0,0,0,0,0,0,0,0,0,0,0,0,0,0,0,0,0,0,0,0,0,0,0
    ; SUN  (03_SUN.png)
    DB 0,0,0,0,0,0,0,0,0,0,0,0,0,0,0,0,0,0,0,0,0,0,0,0,0,0,0,0,0,0,0,0
    DB 0,0,0,0,0,0,0,0,0,0,0,0,0,0,0,0,0,0,0,0,0,0,0,0,0,0,0,0,0,0,0,0
    DB 0,0,0,0,0,0,0,0,0,0,0,0,0,0,0,226,226,0,0,0,0,0,0,0,0,0,0,0,0,0,0,0
    DB 0,0,0,0,0,0,0,0,0,0,0,0,0,0,0,226,226,0,0,0,0,0,0,0,0,0,0,0,0,0,0,0
    DB 0,0,0,0,0,0,0,0,0,0,0,0,0,0,214,226,226,0,0,0,0,0,0,0,0,0,0,0,0,0,0,0
    DB 0,0,0,0,0,0,226,226,0,0,0,0,0,0,214,226,226,0,0,0,0,0,0,0,15,0,0,0,0,0,0,0
    DB 0,0,0,0,0,0,226,226,214,0,0,0,0,0,0,214,226,0,0,0,0,0,0,0,0,0,0,0,0,0,0,0
    DB 0,0,0,0,0,0,0,214,214,0,0,0,226,226,226,226,226,226,226,226,0,0,0,0,0,226,226,0,0,0,0,0
    DB 0,0,0,0,0,0,0,0,0,0,0,226,226,226,226,226,226,226,226,226,226,226,0,0,0,226,226,214,0,0,0,0
    DB 0,0,0,0,0,0,0,0,0,0,226,226,15,15,15,15,226,226,226,226,226,226,226,214,0,0,214,214,0,0,0,0
    DB 0,0,0,0,0,0,0,0,0,0,226,15,15,15,15,15,15,226,226,226,226,226,226,226,214,0,0,0,0,0,0,0
    DB 0,0,0,0,226,226,226,0,0,226,226,226,15,15,15,15,226,226,226,226,226,226,226,226,226,214,0,0,0,0,0,0
    DB 0,0,0,0,226,226,226,0,0,226,226,226,226,226,226,226,226,226,226,226,226,226,226,226,226,214,0,0,0,0,0,0
    DB 0,0,0,0,214,214,214,0,226,226,226,226,226,226,0,0,226,226,226,226,0,0,226,226,226,226,214,0,0,0,0,0
    DB 0,0,0,0,0,0,0,0,226,226,226,226,226,226,0,0,226,226,226,226,0,0,226,226,226,226,214,0,0,226,226,226
    DB 0,0,0,0,0,0,0,0,226,226,226,226,226,226,0,0,226,226,226,226,0,0,226,226,226,226,214,0,0,226,226,214
    DB 0,0,0,15,0,0,0,0,226,226,226,226,226,226,226,226,226,226,226,226,226,226,226,226,226,226,214,0,0,226,214,214
    DB 0,0,0,0,0,0,0,0,226,226,226,226,226,0,226,226,226,226,226,226,0,226,226,226,226,226,214,0,0,0,0,0
    DB 0,0,0,0,0,0,0,0,0,226,226,226,226,0,0,0,0,0,0,0,0,226,226,226,226,214,214,0,0,0,0,0
    DB 0,0,0,0,0,0,0,0,0,226,226,226,226,226,0,0,0,0,0,0,226,226,226,226,214,214,0,0,0,0,0,0
    DB 0,0,0,0,226,226,0,0,0,214,214,226,226,226,226,226,226,226,226,226,226,226,226,214,214,214,0,0,0,0,0,0
    DB 0,0,0,0,226,226,214,0,0,0,214,214,214,226,226,226,226,226,226,226,226,214,214,214,214,214,0,0,0,0,0,0
    DB 0,0,0,0,214,214,0,0,0,0,0,0,0,214,214,214,214,214,214,214,214,214,214,0,0,0,0,0,0,0,0,0
    DB 0,0,0,0,0,0,0,0,0,0,0,0,0,0,0,0,0,0,0,0,0,0,0,0,0,226,226,0,0,0,0,0
    DB 0,0,0,0,0,0,0,0,0,0,0,0,0,0,226,226,226,0,0,0,0,0,0,0,0,226,226,214,0,0,0,0
    DB 0,0,0,0,0,0,0,0,0,0,0,0,0,0,226,214,214,0,0,0,0,0,0,0,0,214,214,0,0,0,0,0
    DB 0,0,0,0,0,0,0,0,0,0,0,0,0,0,226,214,214,0,0,0,0,0,0,0,0,0,0,0,0,15,0,0
    DB 0,0,0,0,0,0,0,0,0,0,0,0,0,0,226,214,214,0,0,0,0,0,0,0,0,0,0,0,0,0,0,0
    DB 0,0,0,0,0,0,0,0,0,0,0,0,0,0,0,0,0,0,0,0,0,0,0,0,0,0,0,0,0,0,0,0
    DB 0,0,0,0,0,0,0,0,0,0,0,0,0,0,0,0,0,0,0,0,0,0,0,0,0,0,0,0,0,0,0,0
    DB 0,0,0,0,0,0,0,0,0,0,0,0,0,0,0,0,0,0,0,0,0,0,0,0,0,0,0,0,0,0,0,0
    DB 0,0,0,0,0,0,0,0,0,0,0,0,0,0,0,0,0,0,0,0,0,0,0,0,0,0,0,0,0,0,0,0
    ; HAT  (04_HAT.png)
    DB 0,0,0,0,0,0,0,0,0,0,0,0,0,0,0,0,0,0,0,0,0,0,0,0,0,0,0,0,0,0,0,0
    DB 0,0,0,0,0,0,0,0,0,0,0,0,0,0,0,0,0,0,0,0,0,0,0,0,0,0,0,0,0,0,0,0
    DB 0,0,0,0,0,0,0,0,0,0,0,0,0,0,0,0,0,0,0,0,0,0,0,0,0,0,0,0,0,0,0,0
    DB 0,0,0,0,0,0,0,0,0,0,0,0,223,223,223,223,223,223,223,223,0,0,0,0,0,0,0,0,0,0,0,0
    DB 0,0,0,0,0,0,0,0,0,0,0,223,223,223,223,223,223,223,223,223,180,0,0,0,0,0,0,0,0,0,0,0
    DB 0,0,0,0,0,0,0,0,0,0,223,223,223,223,223,223,223,223,223,223,180,180,0,0,0,0,0,0,0,0,0,0
    DB 0,0,0,0,0,0,0,0,0,223,223,223,223,223,223,223,223,223,223,180,180,180,180,0,0,0,0,0,0,0,0,0
    DB 0,0,0,0,0,0,0,0,0,223,223,223,223,223,223,223,223,180,180,180,180,180,180,0,0,0,0,0,0,0,0,0
    DB 0,0,0,0,0,0,0,0,0,223,223,223,223,223,223,223,223,180,180,180,180,180,180,0,0,0,0,0,0,0,0,0
    DB 0,0,0,0,0,0,0,0,0,223,223,223,223,223,223,223,223,223,180,180,180,180,180,0,0,0,0,0,0,0,0,0
    DB 0,0,0,0,0,0,0,0,0,196,196,196,196,196,196,196,196,196,196,196,196,196,196,0,0,0,0,0,0,0,0,0
    DB 0,0,0,0,0,0,0,0,0,0,0,0,0,0,0,0,0,0,0,0,0,0,0,0,0,0,0,0,0,0,0,0
    DB 0,0,0,0,0,0,0,0,223,223,180,180,180,180,180,180,180,180,180,180,180,180,223,223,0,0,0,0,0,0,0,0
    DB 0,0,0,0,0,223,223,223,180,180,180,0,0,0,0,0,0,0,0,0,0,180,180,223,223,223,223,0,0,0,0,0
    DB 0,0,0,223,223,223,223,180,180,180,0,94,94,94,94,94,94,94,94,94,94,0,180,180,180,223,223,223,223,0,0,0
    DB 0,0,223,223,223,223,180,180,180,0,94,94,94,94,94,94,94,94,94,94,94,94,0,180,180,180,180,223,223,223,0,0
    DB 0,223,223,223,223,223,180,180,180,0,94,94,94,94,94,94,94,94,94,94,94,94,0,180,180,180,180,223,223,223,223,0
    DB 0,223,223,223,223,223,180,180,180,0,94,94,94,94,94,94,94,94,94,94,94,94,0,180,180,180,180,223,223,223,223,0
    DB 0,223,223,223,223,223,180,180,180,0,94,94,94,94,94,94,94,94,94,94,94,94,0,180,180,180,180,223,223,223,223,0
    DB 0,0,223,223,223,223,180,180,180,180,0,94,94,94,94,94,94,94,94,94,94,0,180,180,180,180,223,223,223,223,0,0
    DB 0,0,0,223,223,223,223,180,180,180,180,0,0,94,94,94,94,94,94,0,0,180,180,180,180,223,223,223,223,0,0,0
    DB 0,0,0,0,0,223,223,223,223,180,180,180,180,0,0,0,0,0,0,180,180,180,180,223,223,223,223,0,0,0,0,0
    DB 0,0,0,0,0,0,0,223,223,223,223,223,180,180,180,180,180,180,180,180,223,223,223,223,223,0,0,0,0,0,0,0
    DB 0,0,0,0,0,0,0,0,0,0,223,223,223,223,223,223,223,223,223,223,223,223,0,0,0,0,0,0,0,0,0,0
    DB 0,0,0,0,0,0,0,0,0,0,0,0,0,0,0,0,0,0,0,0,0,0,0,0,0,0,0,0,0,0,0,0
    DB 0,0,0,0,0,0,0,0,0,0,0,0,0,0,0,0,0,0,0,0,0,0,0,0,0,0,0,0,0,0,0,0
    DB 0,0,0,0,0,0,0,0,0,0,0,0,0,0,0,0,0,0,0,0,0,0,0,0,0,0,0,0,0,0,0,0
    DB 0,0,0,0,0,0,0,0,0,0,0,0,0,0,0,0,0,0,0,0,0,0,0,0,0,0,0,0,0,0,0,0
    DB 0,0,0,0,0,0,0,0,0,0,0,0,0,0,0,0,0,0,0,0,0,0,0,0,0,0,0,0,0,0,0,0
    DB 0,0,0,0,0,0,0,0,0,0,0,0,0,0,0,0,0,0,0,0,0,0,0,0,0,0,0,0,0,0,0,0
    DB 0,0,0,0,0,0,0,0,0,0,0,0,0,0,0,0,0,0,0,0,0,0,0,0,0,0,0,0,0,0,0,0
    DB 0,0,0,0,0,0,0,0,0,0,0,0,0,0,0,0,0,0,0,0,0,0,0,0,0,0,0,0,0,0,0,0
    ; BAG  (05_BAG.png)
    DB 0,0,0,0,0,0,0,0,0,0,0,0,0,0,0,0,0,0,0,0,0,0,0,0,0,0,0,0,0,0,0,0
    DB 0,0,0,0,0,0,0,0,0,0,0,0,0,0,0,0,0,0,0,0,0,0,0,0,0,0,0,0,0,0,0,0
    DB 0,0,0,0,0,0,0,0,0,0,0,0,0,0,0,0,0,0,0,0,0,0,0,0,0,0,0,0,0,0,0,0
    DB 0,0,0,0,0,0,0,0,0,0,0,0,167,167,167,167,167,124,124,0,0,0,0,0,0,0,0,0,0,0,0,0
    DB 0,0,0,0,0,0,0,0,0,0,0,167,167,0,0,0,0,0,124,124,0,0,0,0,0,0,0,0,0,0,0,0
    DB 0,0,0,0,0,0,0,0,0,0,167,167,167,0,0,0,0,0,124,124,124,0,0,0,0,0,0,0,0,0,0,0
    DB 0,0,0,0,0,0,0,210,210,210,210,210,210,210,210,210,210,210,124,0,124,0,0,0,0,0,0,0,0,0,0,0
    DB 0,0,0,0,0,0,210,210,210,210,167,167,167,167,167,167,167,167,124,124,0,124,124,0,0,0,0,0,0,0,0,0
    DB 0,0,0,0,0,0,210,210,210,167,167,167,167,167,167,167,167,167,124,124,0,124,124,124,0,0,0,0,0,0,0,0
    DB 0,0,0,0,0,0,210,210,167,167,167,167,167,167,167,167,167,167,124,124,0,124,124,124,124,0,0,0,0,0,0,0
    DB 0,0,0,0,0,0,210,210,167,167,167,167,167,167,167,167,167,124,124,124,0,124,94,94,124,0,0,0,0,0,0,0
    DB 0,0,0,0,0,0,124,124,124,124,124,124,167,167,167,167,167,124,94,124,0,124,0,94,124,0,0,0,0,0,0,0
    DB 0,0,0,0,0,0,124,124,124,124,124,124,124,167,167,167,167,124,94,124,0,124,0,137,124,0,0,0,0,0,0,0
    DB 0,0,0,0,0,210,210,210,210,210,210,210,124,124,167,167,167,124,94,124,0,124,0,137,124,0,0,0,0,0,0,0
    DB 0,0,0,0,210,210,210,210,210,210,210,210,210,124,124,167,167,124,94,124,0,124,0,137,124,0,0,0,0,0,0,0
    DB 0,0,0,210,210,210,167,167,167,167,167,210,210,210,124,124,124,124,94,124,0,124,0,137,124,0,0,0,0,0,0,0
    DB 0,0,0,210,210,167,167,167,167,167,167,210,210,210,124,124,124,124,94,124,0,124,0,137,124,0,0,0,0,0,0,0
    DB 0,0,0,210,210,167,167,167,167,167,167,210,210,210,124,124,124,124,94,124,0,124,0,137,124,0,0,0,0,0,0,0
    DB 0,0,0,167,167,167,167,167,167,167,167,167,167,167,124,124,124,124,94,124,0,124,0,137,124,0,0,0,0,0,0,0
    DB 0,0,0,167,167,167,167,167,167,167,167,167,167,167,124,124,124,124,94,124,0,124,0,137,124,0,0,0,0,0,0,0
    DB 0,0,0,167,167,167,167,167,167,167,167,167,167,124,124,124,124,124,94,124,124,124,0,137,124,0,0,0,0,0,0,0
    DB 0,0,0,124,124,167,167,167,167,167,167,167,124,124,124,124,124,124,94,124,124,124,0,137,124,0,0,0,0,0,0,0
    DB 0,0,0,124,124,124,124,124,124,124,124,124,124,94,94,94,94,94,94,94,94,94,137,137,124,0,0,0,0,0,0,0
    DB 0,0,0,0,124,124,124,124,124,124,124,124,94,94,94,94,94,94,94,94,94,124,124,124,124,0,0,0,0,0,0,0
    DB 0,0,0,0,0,0,0,0,0,0,0,0,0,0,0,0,0,0,0,0,0,0,0,0,0,0,0,0,0,0,0,0
    DB 0,0,0,0,0,0,0,0,0,0,0,0,0,0,0,0,0,0,0,0,0,0,0,0,0,0,0,0,0,0,0,0
    DB 0,0,0,0,0,0,0,0,0,0,0,0,0,0,0,0,0,0,0,0,0,0,0,0,0,0,0,0,0,0,0,0
    DB 0,0,0,0,0,0,0,0,0,0,0,0,0,0,0,0,0,0,0,0,0,0,0,0,0,0,0,0,0,0,0,0
    DB 0,0,0,0,0,0,0,0,0,0,0,0,0,0,0,0,0,0,0,0,0,0,0,0,0,0,0,0,0,0,0,0
    DB 0,0,0,0,0,0,0,0,0,0,0,0,0,0,0,0,0,0,0,0,0,0,0,0,0,0,0,0,0,0,0,0
    DB 0,0,0,0,0,0,0,0,0,0,0,0,0,0,0,0,0,0,0,0,0,0,0,0,0,0,0,0,0,0,0,0
    DB 0,0,0,0,0,0,0,0,0,0,0,0,0,0,0,0,0,0,0,0,0,0,0,0,0,0,0,0,0,0,0,0
    ; CUP  (06_CUP.png)
    DB 0,0,0,0,0,0,0,0,0,0,0,0,0,0,0,0,0,0,0,0,0,0,0,0,0,0,0,0,0,0,0,0
    DB 0,0,0,0,145,0,0,0,0,0,0,0,145,0,0,0,0,0,0,0,145,0,0,0,0,0,0,0,0,0,0,0
    DB 0,0,0,0,145,0,0,0,0,0,0,0,145,0,0,0,0,0,0,0,145,0,0,0,0,0,0,0,0,0,0,0
    DB 0,0,0,145,0,0,0,0,0,0,0,145,0,0,0,0,0,0,0,145,0,0,0,0,0,0,0,0,0,0,0,0
    DB 0,0,0,145,0,0,0,0,0,0,0,145,0,0,0,0,0,0,0,145,0,0,0,0,0,0,0,0,0,0,0,0
    DB 0,0,0,0,145,0,0,0,0,0,0,0,145,0,0,0,0,0,0,0,145,0,0,0,0,0,0,0,0,0,0,0
    DB 0,0,0,0,145,0,0,0,0,0,0,0,145,0,0,0,0,0,0,0,145,0,0,0,0,0,0,0,0,0,0,0
    DB 0,0,0,0,0,0,0,0,0,0,0,0,0,0,0,0,0,0,0,0,0,0,0,0,0,0,0,0,0,0,0,0
    DB 0,0,0,0,0,0,0,0,0,0,0,0,0,0,0,0,0,0,0,0,0,0,0,0,0,0,0,0,0,0,0,0
    DB 0,0,0,0,180,180,180,180,180,180,180,180,180,180,180,180,180,180,180,180,180,180,180,0,0,0,0,0,0,0,0,0
    DB 0,0,0,0,94,94,94,94,94,94,94,94,94,94,94,94,94,94,94,94,94,94,94,0,0,0,0,0,0,0,0,0
    DB 0,0,0,0,137,137,137,180,180,180,180,137,137,137,137,137,137,94,94,94,94,94,94,0,94,94,94,94,0,0,0,0
    DB 0,0,0,0,137,137,180,180,180,180,180,180,137,137,137,137,137,137,94,94,94,94,94,0,94,94,94,94,94,94,0,0
    DB 0,0,0,0,137,180,180,180,180,180,180,180,180,137,137,137,137,137,137,94,94,94,94,0,94,0,0,0,94,94,0,0
    DB 0,0,0,0,180,180,180,180,180,137,137,137,137,137,137,137,137,137,137,137,94,94,94,0,94,0,145,145,0,94,0,0
    DB 0,0,0,0,180,180,180,180,137,137,137,137,137,137,137,137,137,94,94,94,94,94,94,0,94,0,145,145,0,94,0,0
    DB 0,0,0,0,180,180,180,137,137,137,137,137,137,137,137,137,94,94,94,94,94,94,94,0,94,0,145,145,0,94,0,0
    DB 0,0,0,0,180,180,137,137,137,137,137,137,137,137,137,94,94,94,94,94,94,94,94,0,94,0,145,145,0,94,0,0
    DB 0,0,0,0,180,137,137,137,137,137,137,137,137,137,94,94,94,94,94,94,94,94,94,0,94,0,145,145,0,94,0,0
    DB 0,0,0,0,137,137,137,137,137,137,137,137,137,94,94,94,94,94,94,94,94,94,94,0,94,0,145,145,0,94,0,0
    DB 0,0,0,0,137,137,137,137,137,137,137,137,94,94,94,94,94,94,94,94,94,94,94,0,94,0,0,0,0,94,0,0
    DB 0,0,0,0,0,137,137,137,137,137,137,94,94,94,94,94,94,94,94,94,94,94,94,0,94,94,94,94,94,0,0,0
    DB 0,0,0,0,0,0,137,137,137,137,94,94,94,94,94,94,94,94,94,94,94,94,0,0,0,0,0,0,0,0,0,0
    DB 0,0,0,0,0,0,0,0,0,0,0,0,0,0,0,0,0,0,0,0,0,0,0,0,0,0,0,0,0,0,0,0
    DB 0,0,0,0,0,0,0,0,0,0,0,0,0,0,0,0,0,0,0,0,0,0,0,0,0,0,0,0,0,0,0,0
    DB 0,0,0,180,180,180,180,180,180,180,180,180,180,180,180,180,180,180,180,180,180,180,180,180,180,180,180,180,0,0,0,0
    DB 0,0,0,137,137,137,137,137,137,137,137,137,137,137,137,137,137,137,137,137,137,137,137,137,137,137,137,137,0,0,0,0
    DB 0,0,0,94,94,94,94,94,94,94,94,94,94,94,94,94,94,94,94,94,94,94,94,94,94,94,94,94,0,0,0,0
    DB 0,0,0,0,0,0,0,0,0,0,0,0,0,0,0,0,0,0,0,0,0,0,0,0,0,0,0,0,0,0,0,0
    DB 0,0,0,0,0,0,0,0,0,0,0,0,0,0,0,0,0,0,0,0,0,0,0,0,0,0,0,0,0,0,0,0
    DB 0,0,0,0,0,0,0,0,0,0,0,0,0,0,0,0,0,0,0,0,0,0,0,0,0,0,0,0,0,0,0,0
    DB 0,0,0,0,0,0,0,0,0,0,0,0,0,0,0,0,0,0,0,0,0,0,0,0,0,0,0,0,0,0,0,0
    ; PIG  (07_PIG.png)
    DB 0,0,0,0,0,0,0,0,0,0,0,0,0,0,0,0,0,0,0,0,0,0,0,0,0,0,0,0,0,0,0,0
    DB 0,0,0,0,0,0,0,0,0,0,0,0,0,0,0,0,0,0,0,0,0,0,0,0,0,0,0,0,0,0,0,0
    DB 0,0,0,0,0,0,0,0,0,0,0,0,0,0,0,0,0,0,0,0,0,0,0,0,0,0,0,0,0,0,0,0
    DB 0,0,0,0,0,0,0,0,0,0,0,0,0,0,0,0,0,0,0,0,0,0,0,0,0,0,0,0,0,0,0,0
    DB 0,0,0,0,0,0,0,0,0,0,0,0,0,0,0,0,0,0,0,0,0,0,0,0,0,0,0,0,0,0,0,0
    DB 0,0,0,0,0,0,0,210,210,0,0,0,0,0,0,0,0,0,0,0,0,0,210,210,0,0,0,0,0,0,0,0
    DB 0,0,0,0,0,0,210,210,210,0,0,0,0,0,0,0,0,0,0,0,0,210,210,210,210,0,0,0,0,0,0,0
    DB 0,0,0,0,0,0,210,217,217,210,210,0,0,0,0,0,0,0,0,0,0,210,217,217,210,0,0,0,0,0,0,0
    DB 0,0,0,0,0,0,210,217,217,217,217,210,210,210,210,210,210,210,210,210,210,217,217,217,210,0,0,0,0,0,0,0
    DB 0,0,0,0,0,0,0,210,217,217,217,217,217,217,217,217,217,217,217,217,217,217,210,210,0,0,0,0,0,0,0,0
    DB 0,0,0,0,0,0,0,210,217,217,217,217,217,217,217,217,217,217,217,217,217,217,210,0,0,0,0,0,0,0,0,0
    DB 0,0,0,0,0,0,0,210,217,217,0,217,217,217,217,217,217,217,217,217,0,217,210,0,0,0,0,0,0,0,0,0
    DB 0,0,0,0,0,0,0,210,217,217,0,217,217,217,217,217,217,217,217,217,0,217,210,210,0,0,210,210,0,0,0,0
    DB 0,0,0,0,0,0,210,217,217,217,0,217,210,210,210,210,210,210,210,217,0,217,217,217,210,0,217,217,0,0,0,0
    DB 0,0,0,0,0,0,210,217,217,217,217,217,210,210,210,210,210,210,210,217,217,217,217,217,210,0,0,217,210,0,0,0
    DB 0,0,0,0,0,0,210,217,217,217,217,210,210,0,0,210,0,0,210,210,217,217,217,217,210,0,0,0,210,0,0,0
    DB 0,0,0,0,0,0,210,217,217,217,217,210,210,0,0,210,0,0,210,210,217,217,217,217,210,0,0,0,210,0,0,0
    DB 0,0,0,0,0,0,210,217,217,217,217,210,210,210,210,210,210,210,210,210,217,217,217,217,210,0,0,0,0,0,0,0
    DB 0,0,0,0,0,0,0,0,0,210,217,217,217,217,217,217,217,217,217,217,217,217,217,217,217,210,210,0,0,0,0,0
    DB 0,0,0,0,0,0,0,0,0,210,217,217,217,217,217,217,217,217,217,217,217,217,217,217,217,210,210,0,0,0,0,0
    DB 0,0,0,0,0,0,0,0,0,210,217,217,217,217,217,217,217,217,217,217,217,217,217,217,217,210,210,0,0,0,0,0
    DB 0,0,0,0,0,0,0,0,0,210,217,217,217,217,217,217,217,217,217,217,217,217,217,217,217,210,210,0,0,0,0,0
    DB 0,0,0,0,0,0,0,0,0,210,217,217,217,217,217,217,217,217,217,217,217,217,217,210,217,210,210,0,0,0,0,0
    DB 0,0,0,0,0,0,0,0,0,210,217,217,217,217,217,217,217,217,217,217,217,210,210,210,217,210,210,0,0,0,0,0
    DB 0,0,0,0,0,0,0,0,0,210,217,217,210,210,210,210,210,210,217,217,210,210,210,217,217,210,210,0,0,0,0,0
    DB 0,0,0,0,0,0,0,0,0,210,210,210,210,0,0,0,0,0,210,210,0,210,0,210,210,210,210,0,0,0,0,0
    DB 0,0,0,0,0,0,0,0,0,0,0,0,0,0,0,0,0,0,0,0,0,210,0,0,0,0,0,0,0,0,0,0
    DB 0,0,0,0,0,0,0,0,0,0,0,0,0,0,0,0,0,0,0,0,0,0,0,0,0,0,0,0,0,0,0,0
    DB 0,0,0,0,0,0,0,0,0,0,0,0,0,0,0,0,0,0,0,0,0,0,0,0,0,0,0,0,0,0,0,0
    DB 0,0,0,0,0,0,0,0,0,0,0,0,0,0,0,0,0,0,0,0,0,0,0,0,0,0,0,0,0,0,0,0
    DB 0,0,0,0,0,0,0,0,0,0,0,0,0,0,0,0,0,0,0,0,0,0,0,0,0,0,0,0,0,0,0,0
    DB 0,0,0,0,0,0,0,0,0,0,0,0,0,0,0,0,0,0,0,0,0,0,0,0,0,0,0,0,0,0,0,0
    ; HEN  (08_HEN.png)
    DB 0,0,0,0,0,0,0,0,0,0,0,0,0,0,0,0,0,0,0,0,0,0,0,0,0,0,0,0,0,0,0,0
    DB 0,0,0,0,0,0,0,0,0,0,0,0,0,0,0,0,0,0,0,0,0,0,0,0,0,0,0,0,0,0,0,0
    DB 0,0,0,0,0,0,0,0,0,0,0,0,0,0,0,0,0,0,0,0,0,0,0,0,0,0,0,0,0,0,0,0
    DB 0,0,0,0,0,0,0,0,0,0,0,0,0,0,0,0,0,0,0,0,0,0,0,0,0,0,0,0,0,0,0,0
    DB 0,0,0,0,0,0,0,0,0,0,0,0,0,0,0,0,0,0,0,0,0,0,0,0,0,0,0,0,0,0,0,0
    DB 0,0,0,0,0,0,0,0,0,0,0,0,0,0,94,94,94,0,0,0,0,0,0,0,0,0,0,0,0,0,0,0
    DB 0,0,0,0,0,0,0,0,0,0,0,0,0,94,124,202,202,94,0,0,0,0,0,0,0,0,0,0,0,0,0,0
    DB 0,0,0,0,0,0,0,0,0,0,0,0,0,94,94,124,202,202,94,0,0,0,0,0,0,0,0,0,0,0,0,0
    DB 0,0,0,0,0,0,0,0,0,0,0,0,0,0,0,94,124,202,124,94,0,0,0,0,0,0,0,0,0,0,0,0
    DB 0,0,0,0,0,0,0,0,0,0,0,0,0,0,94,223,223,223,223,94,0,0,0,0,0,0,0,0,0,0,0,0
    DB 0,0,0,0,0,0,0,0,0,0,0,0,0,0,94,223,223,0,223,94,94,94,0,0,0,0,0,0,0,0,0,0
    DB 0,0,0,0,0,0,0,0,0,0,0,0,0,0,94,223,223,0,223,221,221,221,94,0,0,0,0,0,0,0,0,0
    DB 0,0,0,0,0,0,0,0,0,94,94,0,0,0,94,223,223,223,223,180,94,94,0,0,0,0,0,0,0,0,0,0
    DB 0,0,0,0,0,0,0,0,94,223,94,0,0,94,94,223,223,223,223,180,94,0,0,0,0,0,0,0,0,0,0,0
    DB 0,0,0,0,0,0,0,0,94,223,94,94,94,223,223,223,223,223,223,180,180,94,0,0,0,0,0,0,0,0,0,0
    DB 0,0,0,0,0,0,0,0,94,15,223,223,223,223,223,223,223,223,223,180,180,94,0,0,0,0,0,0,0,0,0,0
    DB 0,0,0,0,0,0,0,94,94,223,223,223,180,180,223,223,223,180,223,180,180,180,94,0,0,0,0,0,0,0,0,0
    DB 0,0,0,0,0,0,0,94,180,223,223,223,180,223,223,223,180,223,223,180,180,180,180,94,0,0,0,0,0,0,0,0
    DB 0,0,0,0,0,0,0,94,180,180,180,223,180,180,180,180,223,223,223,180,180,94,94,0,0,0,0,0,0,0,0,0
    DB 0,0,0,0,0,0,0,0,94,180,180,223,223,223,223,223,223,223,180,180,94,94,0,0,0,0,0,0,0,0,0,0
    DB 0,0,0,0,0,0,0,0,0,94,180,180,180,180,180,180,180,180,180,94,0,0,0,0,0,0,0,0,0,0,0,0
    DB 0,0,0,0,0,0,0,0,0,0,94,94,94,180,180,94,180,180,94,0,0,0,0,0,0,0,0,0,0,0,0,0
    DB 0,0,0,0,0,0,0,0,0,0,0,0,94,221,221,94,221,221,94,0,0,0,0,0,0,0,0,0,0,0,0,0
    DB 0,0,0,0,0,0,0,0,0,0,0,0,94,94,94,94,94,94,94,0,0,0,0,0,0,0,0,0,0,0,0,0
    DB 0,0,0,0,0,0,0,0,0,0,0,0,0,0,0,0,0,0,0,0,0,0,0,0,0,0,0,0,0,0,0,0
    DB 0,0,0,0,0,0,0,0,0,0,0,0,0,0,0,0,0,0,0,0,0,0,0,0,0,0,0,0,0,0,0,0
    DB 0,0,0,0,0,0,0,0,0,0,0,0,0,0,0,0,0,0,0,0,0,0,0,0,0,0,0,0,0,0,0,0
    DB 0,0,0,0,0,0,0,0,0,0,0,0,0,0,0,0,0,0,0,0,0,0,0,0,0,0,0,0,0,0,0,0
    DB 0,0,0,0,0,0,0,0,0,0,0,0,0,0,0,0,0,0,0,0,0,0,0,0,0,0,0,0,0,0,0,0
    DB 0,0,0,0,0,0,0,0,0,0,0,0,0,0,0,0,0,0,0,0,0,0,0,0,0,0,0,0,0,0,0,0
    DB 0,0,0,0,0,0,0,0,0,0,0,0,0,0,0,0,0,0,0,0,0,0,0,0,0,0,0,0,0,0,0,0
    DB 0,0,0,0,0,0,0,0,0,0,0,0,0,0,0,0,0,0,0,0,0,0,0,0,0,0,0,0,0,0,0,0
    ; ANT  (09_ANT.png)
    DB 0,0,0,0,0,0,0,0,0,0,0,0,0,0,0,0,0,0,0,0,0,0,0,0,0,0,0,0,0,0,0,0
    DB 0,0,0,0,0,0,0,0,0,0,0,0,0,0,0,0,0,0,0,0,0,0,0,0,0,0,0,0,0,0,0,0
    DB 0,0,0,0,0,0,0,0,0,0,0,0,0,0,0,0,0,0,0,0,0,0,0,0,0,0,0,0,0,0,0,0
    DB 0,0,0,0,0,0,0,0,0,0,0,0,0,0,0,0,0,0,0,0,0,0,0,0,0,0,0,0,0,0,0,0
    DB 0,0,0,0,0,0,0,0,0,0,0,0,0,0,0,0,0,0,0,0,0,0,0,0,0,0,0,0,0,0,0,0
    DB 0,0,0,0,0,0,0,0,0,0,0,0,0,0,0,0,0,0,0,0,0,0,0,0,0,0,0,0,0,0,0,0
    DB 0,0,0,0,0,0,0,0,0,0,0,0,0,0,0,0,0,0,0,0,0,0,0,0,0,0,0,0,0,0,0,0
    DB 0,0,0,0,0,0,0,0,0,0,0,0,0,0,0,0,0,0,0,0,0,0,0,0,0,0,0,0,0,0,0,0
    DB 0,0,0,0,0,0,0,0,0,0,0,0,0,0,0,0,0,0,0,0,0,0,0,0,0,0,0,0,0,0,0,0
    DB 0,0,0,0,0,0,0,0,0,0,0,0,0,0,0,0,0,0,0,0,0,0,0,0,0,0,0,0,0,0,0,0
    DB 0,0,0,0,0,0,0,0,0,0,160,160,0,0,0,0,0,0,0,0,0,0,0,0,0,0,0,0,0,0,0,0
    DB 0,0,0,0,0,0,0,0,160,160,160,160,160,160,0,0,0,0,0,0,160,160,0,0,0,0,0,0,0,0,0,0
    DB 0,0,0,0,0,0,0,160,160,160,160,160,160,160,160,0,0,0,160,160,160,160,160,0,0,0,0,0,0,0,0,0
    DB 0,0,0,0,0,0,160,160,160,160,160,160,160,160,160,0,0,160,160,160,160,160,160,160,0,0,160,160,160,0,0,0
    DB 0,0,0,0,0,0,160,160,160,160,160,160,160,160,160,160,160,160,160,160,160,160,160,160,160,160,15,0,160,0,0,0
    DB 0,0,0,0,0,0,124,124,160,160,160,160,160,160,160,124,124,160,160,160,160,160,160,124,124,160,15,0,160,0,0,0
    DB 0,0,0,0,0,0,0,124,124,124,160,160,160,124,124,124,124,124,124,124,160,160,160,124,124,124,124,124,124,0,0,0
    DB 0,0,0,0,0,0,0,0,0,124,124,124,124,124,0,0,0,0,0,124,124,124,124,124,0,0,0,124,124,0,0,0
    DB 0,0,0,0,0,0,0,0,0,0,0,0,0,0,0,0,0,0,0,0,0,0,0,0,0,0,0,0,0,0,0,0
    DB 0,0,0,0,0,0,0,0,0,0,0,0,0,0,0,0,0,0,0,0,0,0,0,0,0,0,0,0,0,0,0,0
    DB 0,0,0,0,0,0,0,0,0,0,0,0,0,0,0,0,0,0,0,0,0,0,0,0,0,0,0,0,0,0,0,0
    DB 0,0,0,0,0,0,0,0,0,0,0,0,0,0,0,0,0,0,0,0,0,0,0,0,0,0,0,0,0,0,0,0
    DB 0,0,0,0,0,0,0,0,0,0,0,0,0,0,0,0,0,0,0,0,0,0,0,0,0,0,0,0,0,0,0,0
    DB 0,0,0,0,0,0,0,0,0,0,0,0,0,0,0,0,0,0,0,0,0,0,0,0,0,0,0,0,0,0,0,0
    DB 0,0,0,0,0,0,0,0,0,0,0,0,0,0,0,0,0,0,0,0,0,0,0,0,0,0,0,0,0,0,0,0
    DB 0,0,0,0,0,0,0,0,0,0,0,0,0,0,0,0,0,0,0,0,0,0,0,0,0,0,0,0,0,0,0,0
    DB 0,0,0,0,0,0,0,0,0,0,0,0,0,0,0,0,0,0,0,0,0,0,0,0,0,0,0,0,0,0,0,0
    DB 0,0,0,0,0,0,0,0,0,0,0,0,0,0,0,0,0,0,0,0,0,0,0,0,0,0,0,0,0,0,0,0
    DB 0,0,0,0,0,0,0,0,0,0,0,0,0,0,0,0,0,0,0,0,0,0,0,0,0,0,0,0,0,0,0,0
    DB 0,0,0,0,0,0,0,0,0,0,0,0,0,0,0,0,0,0,0,0,0,0,0,0,0,0,0,0,0,0,0,0
    DB 0,0,0,0,0,0,0,0,0,0,0,0,0,0,0,0,0,0,0,0,0,0,0,0,0,0,0,0,0,0,0,0
    DB 0,0,0,0,0,0,0,0,0,0,0,0,0,0,0,0,0,0,0,0,0,0,0,0,0,0,0,0,0,0,0,0

    ; ==========================================================
    ; Medium (10-19)
    ; ==========================================================
    ; APPLE  (00_APPLE.png)
    DB 0,0,0,0,0,0,0,0,0,0,0,0,0,0,0,0,0,0,0,0,0,0,0,0,0,0,0,0,0,0,0,0
    DB 0,0,0,0,0,0,0,0,0,0,0,0,0,0,0,0,0,0,0,0,0,0,0,0,0,0,0,0,0,0,0,0
    DB 0,0,0,0,0,0,0,0,0,0,0,0,0,0,0,0,0,0,0,0,0,0,0,0,0,0,0,0,0,0,0,0
    DB 0,0,0,0,0,0,0,0,0,0,0,0,0,0,0,0,0,0,0,0,0,0,0,0,0,0,0,0,0,0,0,0
    DB 0,0,0,0,0,0,0,0,0,0,0,0,0,0,0,0,0,0,0,0,0,0,0,0,0,0,0,0,0,0,0,0
    DB 0,0,0,0,0,0,0,0,0,0,28,28,28,0,0,0,0,0,0,0,0,0,0,0,0,0,0,0,0,0,0,0
    DB 0,0,0,0,0,0,0,0,0,0,0,28,28,28,0,0,0,0,0,28,28,28,0,0,0,0,0,0,0,0,0,0
    DB 0,0,0,0,0,0,0,0,0,0,0,0,22,28,0,0,0,0,28,28,28,22,22,0,0,0,0,0,0,0,0,0
    DB 0,0,0,0,0,0,0,0,0,0,0,0,0,22,28,0,0,28,22,22,22,0,0,0,0,0,0,0,0,0,0,0
    DB 0,0,0,0,0,0,0,0,0,0,0,0,0,0,22,0,0,22,0,0,0,0,0,0,0,0,0,0,0,0,0,0
    DB 0,0,0,0,0,0,0,0,0,0,0,124,124,124,0,0,0,0,88,88,52,0,0,0,0,0,0,0,0,0,0,0
    DB 0,0,0,0,0,0,0,0,0,0,124,124,124,124,124,124,124,124,124,88,88,52,0,0,0,0,0,0,0,0,0,0
    DB 0,0,0,0,0,0,0,0,0,124,124,124,124,124,124,124,124,124,124,88,88,88,52,0,0,0,0,0,0,0,0,0
    DB 0,0,0,0,0,0,0,0,0,124,124,124,124,124,124,124,124,124,124,88,88,88,52,0,0,0,0,0,0,0,0,0
    DB 0,0,0,0,0,0,0,0,0,124,124,124,124,124,124,124,124,124,88,88,88,88,52,0,0,0,0,0,0,0,0,0
    DB 0,0,0,0,0,0,0,0,0,124,124,124,124,124,124,124,124,124,88,88,88,88,52,0,0,0,0,0,0,0,0,0
    DB 0,0,0,0,0,0,0,0,0,0,124,124,124,124,124,124,124,124,88,88,88,52,0,0,0,0,0,0,0,0,0,0
    DB 0,0,0,0,0,0,0,0,0,0,124,124,124,124,124,124,88,88,88,88,88,52,0,0,0,0,0,0,0,0,0,0
    DB 0,0,0,0,0,0,0,0,0,0,0,88,88,88,88,88,88,88,88,88,52,0,0,0,0,0,0,0,0,0,0,0
    DB 0,0,0,0,0,0,0,0,0,0,0,88,88,88,88,88,88,88,88,88,52,0,0,0,0,0,0,0,0,0,0,0
    DB 0,0,0,0,0,0,0,0,0,0,0,0,88,88,88,88,88,88,52,52,0,0,0,0,0,0,0,0,0,0,0,0
    DB 0,0,0,0,0,0,0,0,0,0,0,0,0,0,52,52,52,52,0,0,0,0,0,0,0,0,0,0,0,0,0,0
    DB 0,0,0,0,0,0,0,0,0,0,0,0,0,0,0,0,0,0,0,0,0,0,0,0,0,0,0,0,0,0,0,0
    DB 0,0,0,0,0,0,0,0,0,0,0,0,0,0,0,0,0,0,0,0,0,0,0,0,0,0,0,0,0,0,0,0
    DB 0,0,0,0,0,0,0,0,0,0,0,0,0,0,0,0,0,0,0,0,0,0,0,0,0,0,0,0,0,0,0,0
    DB 0,0,0,0,0,0,0,0,0,0,0,0,0,0,0,0,0,0,0,0,0,0,0,0,0,0,0,0,0,0,0,0
    DB 0,0,0,0,0,0,0,0,0,0,0,0,0,0,0,0,0,0,0,0,0,0,0,0,0,0,0,0,0,0,0,0
    DB 0,0,0,0,0,0,0,0,0,0,0,0,0,0,0,0,0,0,0,0,0,0,0,0,0,0,0,0,0,0,0,0
    DB 0,0,0,0,0,0,0,0,0,0,0,0,0,0,0,0,0,0,0,0,0,0,0,0,0,0,0,0,0,0,0,0
    DB 0,0,0,0,0,0,0,0,0,0,0,0,0,0,0,0,0,0,0,0,0,0,0,0,0,0,0,0,0,0,0,0
    DB 0,0,0,0,0,0,0,0,0,0,0,0,0,0,0,0,0,0,0,0,0,0,0,0,0,0,0,0,0,0,0,0
    DB 0,0,0,0,0,0,0,0,0,0,0,0,0,0,0,0,0,0,0,0,0,0,0,0,0,0,0,0,0,0,0,0
    ; GRAPE  (01_GRAPE.png)
    DB 0,0,0,0,0,0,0,0,0,0,0,0,0,0,0,0,0,0,0,0,0,0,0,0,0,0,0,0,0,0,0,0
    DB 0,0,0,0,0,0,0,0,0,0,0,0,0,0,0,0,0,0,0,0,0,0,0,0,0,0,0,0,0,0,0,0
    DB 0,0,0,0,0,0,0,0,0,0,0,0,0,0,0,0,0,0,0,0,0,0,0,0,0,0,0,0,0,0,0,0
    DB 0,0,0,0,0,0,0,0,0,0,0,0,0,0,0,0,0,0,0,0,0,0,0,0,0,0,0,0,0,0,0,0
    DB 0,0,0,0,0,0,0,0,0,0,0,0,0,0,0,0,0,0,0,0,0,0,0,0,0,0,0,0,0,0,0,0
    DB 0,0,0,0,0,0,0,0,0,0,0,0,0,0,0,0,0,0,0,0,0,0,0,0,0,0,0,0,0,0,0,0
    DB 0,0,0,0,0,0,0,0,0,0,0,0,0,0,0,0,0,0,0,0,0,0,0,0,0,0,0,0,0,0,0,0
    DB 0,0,0,0,0,0,0,0,0,0,0,0,0,0,0,0,0,0,0,0,0,0,0,0,0,0,0,0,0,0,0,0
    DB 0,0,0,0,0,0,0,0,0,0,0,0,0,0,0,0,0,0,0,0,0,0,0,0,0,0,0,0,0,0,0,0
    DB 0,0,0,0,0,0,0,0,0,0,0,0,0,0,0,0,22,0,0,0,0,0,0,0,0,0,0,0,0,0,0,0
    DB 0,0,0,0,0,0,0,0,0,0,0,0,0,0,0,28,2,2,22,0,0,0,0,0,0,0,0,0,0,0,0,0
    DB 0,0,0,0,0,0,0,0,0,0,0,0,0,0,0,22,2,2,2,0,0,0,0,0,0,0,0,0,0,0,0,0
    DB 0,0,0,0,0,0,0,0,0,0,0,0,232,0,53,182,90,34,2,0,0,0,0,0,0,0,0,0,0,0,0,0
    DB 0,0,0,0,0,0,0,0,0,0,0,127,182,90,5,5,5,90,2,232,0,0,0,0,0,0,0,0,0,0,0,0
    DB 0,0,0,0,0,0,0,0,0,0,0,5,5,5,90,5,5,90,22,0,0,0,0,0,0,0,0,0,0,0,0,0
    DB 0,0,0,0,0,0,0,0,0,0,0,90,5,127,90,90,90,127,182,5,0,0,0,0,0,0,0,0,0,0,0,0
    DB 0,0,0,0,0,0,0,0,0,0,53,96,96,53,170,170,127,127,5,5,0,0,0,0,0,0,0,0,0,0,0,0
    DB 0,0,0,0,0,0,0,0,0,0,90,5,5,90,5,5,5,53,127,127,0,0,0,0,0,0,0,0,0,0,0,0
    DB 0,0,0,0,0,0,0,0,0,0,53,5,5,90,90,90,90,170,133,53,0,0,0,0,0,0,0,0,0,0,0,0
    DB 0,0,0,0,0,0,0,0,0,0,90,90,90,5,182,5,90,5,5,90,0,0,0,0,0,0,0,0,0,0,0,0
    DB 0,0,0,0,0,0,0,0,0,0,5,176,90,5,5,5,90,5,5,90,0,0,0,0,0,0,0,0,0,0,0,0
    DB 0,0,0,0,0,0,0,0,0,233,5,5,5,90,5,127,53,53,90,0,0,0,0,0,0,0,0,0,0,0,0,0
    DB 0,0,0,0,0,0,0,0,0,0,90,90,53,0,0,0,0,0,0,0,0,0,0,0,0,0,0,0,0,0,0,0
    DB 0,0,0,0,0,0,0,0,0,0,0,0,0,0,0,0,0,0,0,0,0,0,0,0,0,0,0,0,0,0,0,0
    DB 0,0,0,0,0,0,0,0,0,0,0,0,0,0,0,0,0,0,0,0,0,0,0,0,0,0,0,0,0,0,0,0
    DB 0,0,0,0,0,0,0,0,0,0,0,0,0,0,0,0,0,0,0,0,0,0,0,0,0,0,0,0,0,0,0,0
    DB 0,0,0,0,0,0,0,0,0,0,0,0,0,0,0,0,0,0,0,0,0,0,0,0,0,0,0,0,0,0,0,0
    DB 0,0,0,0,0,0,0,0,0,0,0,0,0,0,0,0,0,0,0,0,0,0,0,0,0,0,0,0,0,0,0,0
    DB 0,0,0,0,0,0,0,0,0,0,0,0,0,0,0,0,0,0,0,0,0,0,0,0,0,0,0,0,0,0,0,0
    DB 0,0,0,0,0,0,0,0,0,0,0,0,0,0,0,0,0,0,0,0,0,0,0,0,0,0,0,0,0,0,0,0
    DB 0,0,0,0,0,0,0,0,0,0,0,0,0,0,0,0,0,0,0,0,0,0,0,0,0,0,0,0,0,0,0,0
    DB 0,0,0,0,0,0,0,0,0,0,0,0,0,0,0,0,0,0,0,0,0,0,0,0,0,0,0,0,0,0,0,0
    ; TRAIN  (02_TRAIN.png)
    DB 0,0,0,0,0,0,0,0,0,0,0,0,0,0,0,0,0,0,0,0,0,0,0,0,0,0,0,0,0,0,0,0
    DB 0,0,0,0,0,0,0,0,0,0,0,0,0,0,0,0,0,0,0,0,0,0,0,0,0,0,0,0,0,0,0,0
    DB 0,0,0,0,0,0,0,0,0,0,0,0,0,0,0,0,0,0,0,0,0,0,0,0,0,0,0,0,0,0,0,0
    DB 0,0,0,0,0,0,0,0,0,0,0,0,0,0,0,0,0,0,0,0,0,0,0,0,0,0,0,0,0,0,0,0
    DB 0,0,0,0,0,0,0,0,0,0,0,0,0,0,0,0,0,0,0,0,0,0,0,0,0,0,0,0,0,0,0,0
    DB 0,0,0,0,0,0,0,0,0,7,7,7,7,7,102,102,0,0,0,0,0,0,0,0,0,0,0,0,0,0,0,0
    DB 0,0,0,0,0,0,0,0,7,7,102,102,102,8,8,8,8,0,0,0,0,0,0,0,0,0,0,0,0,0,0,0
    DB 0,0,0,0,0,0,0,7,7,102,102,8,8,8,8,8,8,0,0,0,0,0,0,0,0,0,0,0,0,0,0,0
    DB 0,0,0,0,0,0,0,7,7,102,8,8,8,8,8,0,0,0,0,0,0,0,0,0,0,0,0,0,0,0,0,0
    DB 0,0,0,0,0,0,7,7,102,102,8,8,8,0,0,0,0,0,0,0,0,0,0,0,0,0,0,0,0,0,0,0
    DB 0,0,0,0,0,0,0,102,8,8,0,0,0,0,0,0,0,0,0,0,0,0,0,0,0,0,0,0,0,0,0,0
    DB 0,0,0,0,0,0,0,8,8,0,0,0,0,0,0,0,0,0,0,0,0,0,0,0,0,0,0,0,0,0,0,0
    DB 0,0,0,0,0,0,0,8,0,0,0,0,0,0,0,0,0,0,0,0,0,0,0,0,0,0,0,0,0,0,0,0
    DB 0,0,0,0,0,0,0,0,0,0,0,0,59,59,59,59,59,59,59,59,0,0,0,0,0,0,0,0,0,0,0,0
    DB 0,0,0,0,0,0,59,59,59,0,0,0,0,0,0,0,0,0,0,0,0,0,0,0,0,0,0,0,0,0,0,0
    DB 0,0,0,0,0,0,0,124,0,0,0,0,0,124,124,124,124,124,124,0,0,0,0,0,0,0,0,0,0,0,0,0
    DB 0,0,0,0,0,0,0,59,0,0,0,0,0,124,0,0,0,0,124,0,0,0,0,0,0,0,8,8,0,0,0,0
    DB 0,0,0,0,0,0,0,0,0,0,0,0,0,124,0,63,63,0,124,0,0,0,0,0,8,8,8,8,8,8,0,0
    DB 0,0,0,0,0,0,178,0,0,0,0,0,0,124,0,0,0,0,124,0,0,0,0,0,8,8,8,8,8,8,0,0
    DB 0,0,0,0,0,0,178,0,124,0,178,0,124,124,124,124,124,124,124,0,0,0,0,0,0,0,0,0,0,0,0,0
    DB 0,0,0,0,0,0,178,0,124,0,178,0,124,124,124,124,124,124,124,0,0,0,0,0,178,178,178,178,178,178,0,0
    DB 0,0,0,0,178,0,178,0,124,0,178,0,124,124,124,0,0,124,124,0,0,0,0,0,124,124,178,178,124,124,0,0
    DB 0,0,0,178,178,0,178,0,124,0,178,0,124,124,0,8,8,0,124,0,0,0,0,0,124,124,124,124,124,124,0,0
    DB 0,0,0,178,178,0,0,0,0,0,0,0,0,0,8,0,0,8,0,0,0,0,0,0,124,124,0,0,124,124,0,0
    DB 0,0,178,178,0,8,0,59,59,59,0,8,0,59,8,0,0,8,0,0,0,0,0,0,124,0,8,8,0,124,0,0
    DB 0,178,178,178,0,8,0,59,59,59,0,8,0,59,0,8,8,0,0,0,0,0,0,0,0,0,8,8,0,0,0,0
    DB 0,0,0,0,0,0,0,0,0,0,0,0,0,0,0,0,0,0,0,0,0,0,0,0,0,0,0,0,0,0,0,0
    DB 0,0,0,0,0,0,0,0,0,0,0,0,0,0,0,0,0,0,0,0,0,0,0,0,0,0,0,0,0,0,0,0
    DB 0,0,0,0,0,0,0,0,0,0,0,0,0,0,0,0,0,0,0,0,0,0,0,0,0,0,0,0,0,0,0,0
    DB 0,0,0,0,0,0,0,0,0,0,0,0,0,0,0,0,0,0,0,0,0,0,0,0,0,0,0,0,0,0,0,0
    DB 0,0,0,0,0,0,0,0,0,0,0,0,0,0,0,0,0,0,0,0,0,0,0,0,0,0,0,0,0,0,0,0
    DB 0,0,0,0,0,0,0,0,0,0,0,0,0,0,0,0,0,0,0,0,0,0,0,0,0,0,0,0,0,0,0,0
    ; CHAIR  (03_CHAIR.png)
    DB 0,0,0,0,0,0,0,0,0,0,0,0,0,0,0,0,0,0,0,0,0,0,0,0,0,0,0,0,0,0,0,0
    DB 0,0,0,0,0,0,0,0,0,0,0,0,0,0,0,0,0,0,0,0,0,0,0,0,0,0,0,0,0,0,0,0
    DB 0,0,0,0,0,0,0,0,0,0,0,0,0,0,0,0,0,0,0,0,0,0,0,0,0,0,0,0,0,0,0,0
    DB 0,0,0,0,0,0,0,0,0,0,0,0,0,0,0,0,0,0,0,0,0,0,0,0,0,0,0,0,0,0,0,0
    DB 0,0,0,0,0,0,0,0,0,94,94,0,0,0,0,0,0,94,94,0,0,0,0,0,0,0,0,0,0,0,0,0
    DB 0,0,0,0,0,0,0,0,0,94,94,0,0,0,0,0,94,94,94,0,0,0,0,0,0,0,0,0,0,0,0,0
    DB 0,0,0,0,0,0,0,0,0,137,94,94,94,94,94,94,94,94,137,0,0,0,0,0,0,0,0,0,0,0,0,0
    DB 0,0,0,0,0,0,0,0,0,137,137,137,137,137,137,137,137,137,137,0,0,0,0,0,0,0,0,0,0,0,0,0
    DB 0,0,0,0,0,0,0,0,0,137,137,137,137,137,137,137,137,137,137,0,0,0,0,0,0,0,0,0,0,0,0,0
    DB 0,0,0,0,0,0,0,0,0,137,94,137,137,137,137,137,137,94,137,0,0,0,0,0,0,0,0,0,0,0,0,0
    DB 0,0,0,0,0,0,0,0,0,137,137,94,94,94,94,94,94,94,137,0,0,0,0,0,0,0,0,0,0,0,0,0
    DB 0,0,0,0,0,0,0,0,0,137,137,94,0,0,0,0,94,94,137,0,0,0,0,0,0,0,0,0,0,0,0,0
    DB 0,0,0,0,0,0,0,0,0,137,137,94,0,0,0,0,94,94,137,0,0,0,0,0,0,0,0,0,0,0,0,0
    DB 0,0,0,0,0,0,0,0,0,137,137,94,0,0,0,0,94,94,137,0,0,0,0,0,0,0,0,0,0,0,0,0
    DB 0,0,0,0,0,0,0,0,0,137,137,94,0,0,0,0,94,94,94,0,0,0,0,0,0,0,0,0,0,0,0,0
    DB 0,0,0,0,0,0,0,0,0,94,94,94,137,137,137,137,137,137,137,94,94,0,0,0,0,0,0,0,0,0,0,0
    DB 0,0,0,0,0,0,0,0,0,94,94,137,137,137,137,137,137,137,137,137,137,137,94,0,0,0,0,0,0,0,0,0
    DB 0,0,0,0,0,0,0,0,0,94,137,94,137,137,137,137,137,137,137,137,137,137,137,94,0,0,0,0,0,0,0,0
    DB 0,0,0,0,0,0,0,0,0,137,94,137,137,94,94,137,94,137,137,137,137,137,137,94,0,0,0,0,0,0,0,0
    DB 0,0,0,0,0,0,0,0,0,137,137,94,0,94,137,137,137,137,94,94,94,94,137,94,0,0,0,0,0,0,0,0
    DB 0,0,0,0,0,0,0,0,0,137,137,94,0,94,94,94,94,94,137,0,0,94,137,94,0,0,0,0,0,0,0,0
    DB 0,0,0,0,0,0,0,0,0,137,137,94,0,94,137,137,0,94,137,0,0,137,137,94,0,0,0,0,0,0,0,0
    DB 0,0,0,0,0,0,0,0,0,137,137,94,0,94,137,137,0,94,137,0,0,137,137,94,0,0,0,0,0,0,0,0
    DB 0,0,0,0,0,0,0,0,0,137,137,94,0,94,137,137,0,94,94,0,0,137,137,94,0,0,0,0,0,0,0,0
    DB 0,0,0,0,0,0,0,0,0,94,94,94,0,94,137,137,0,0,0,0,0,137,137,94,0,0,0,0,0,0,0,0
    DB 0,0,0,0,0,0,0,0,0,0,0,0,0,94,137,137,0,0,0,0,0,94,94,94,0,0,0,0,0,0,0,0
    DB 0,0,0,0,0,0,0,0,0,0,0,0,0,94,94,94,0,0,0,0,0,0,0,0,0,0,0,0,0,0,0,0
    DB 0,0,0,0,0,0,0,0,0,0,0,0,0,0,0,0,0,0,0,0,0,0,0,0,0,0,0,0,0,0,0,0
    DB 0,0,0,0,0,0,0,0,0,0,0,0,0,0,0,0,0,0,0,0,0,0,0,0,0,0,0,0,0,0,0,0
    DB 0,0,0,0,0,0,0,0,0,0,0,0,0,0,0,0,0,0,0,0,0,0,0,0,0,0,0,0,0,0,0,0
    DB 0,0,0,0,0,0,0,0,0,0,0,0,0,0,0,0,0,0,0,0,0,0,0,0,0,0,0,0,0,0,0,0
    DB 0,0,0,0,0,0,0,0,0,0,0,0,0,0,0,0,0,0,0,0,0,0,0,0,0,0,0,0,0,0,0,0
    ; CLOCK  (04_CLOCK.png)
    DB 0,0,0,0,0,0,0,0,0,0,0,0,0,0,0,0,0,0,0,0,0,0,0,0,0,0,0,0,0,0,0,0
    DB 0,0,0,0,0,0,0,0,0,0,0,0,0,0,0,0,0,0,0,0,0,0,0,0,0,0,0,0,0,0,0,0
    DB 0,0,0,0,0,0,0,0,0,0,0,0,0,0,0,0,0,0,0,0,0,0,0,0,0,0,0,0,0,0,0,0
    DB 0,0,0,0,0,0,0,0,0,0,0,0,0,0,0,0,0,0,0,0,0,0,0,0,0,0,0,0,0,0,0,0
    DB 0,0,0,0,0,0,0,0,0,0,0,0,0,0,0,0,0,0,0,0,0,0,0,0,0,0,0,0,0,0,0,0
    DB 0,0,0,0,0,0,0,0,0,0,0,0,0,0,0,0,0,0,0,0,0,0,0,0,0,0,0,0,0,0,0,0
    DB 0,0,0,0,0,0,0,0,0,0,0,0,0,0,0,0,0,0,0,0,0,0,0,0,0,0,0,0,0,0,0,0
    DB 0,0,0,0,0,0,0,0,0,0,0,0,0,0,94,94,94,94,94,0,0,0,0,0,0,0,0,0,0,0,0,0
    DB 0,0,0,0,0,0,0,0,0,0,0,0,94,94,95,95,95,95,95,94,94,0,0,0,0,0,0,0,0,0,0,0
    DB 0,0,0,0,0,0,0,0,0,0,94,94,94,95,7,7,7,7,7,95,94,94,94,0,0,0,0,0,0,0,0,0
    DB 0,0,0,0,0,0,0,0,0,0,94,95,95,7,230,230,178,230,230,230,95,95,94,0,0,0,0,0,0,0,0,0
    DB 0,0,0,0,0,0,0,0,0,94,95,95,7,230,230,230,230,230,230,230,230,95,95,94,0,0,0,0,0,0,0,0
    DB 0,0,0,0,0,0,0,0,0,94,95,7,230,230,230,230,0,7,230,230,230,230,95,94,0,0,0,0,0,0,0,0
    DB 0,0,0,0,0,0,0,0,94,95,7,230,230,230,230,230,0,7,230,230,230,230,230,94,94,0,0,0,0,0,0,0
    DB 0,0,0,0,0,0,0,0,94,95,7,230,230,230,230,230,0,7,230,230,230,230,230,95,94,0,0,0,0,0,0,0
    DB 0,0,0,0,0,0,0,0,94,95,7,178,230,230,230,7,220,7,230,230,230,178,230,95,94,0,0,0,0,0,0,0
    DB 0,0,0,0,0,0,0,0,94,95,7,230,230,230,230,0,7,230,230,230,230,230,230,95,94,0,0,0,0,0,0,0
    DB 0,0,0,0,0,0,0,0,94,94,7,230,230,230,0,7,230,230,230,230,230,230,95,94,94,0,0,0,0,0,0,0
    DB 0,0,0,0,0,0,0,0,0,94,95,7,230,230,230,230,230,230,230,230,230,230,95,94,0,0,0,0,0,0,0,0
    DB 0,0,0,0,0,0,0,0,0,94,94,95,7,230,230,230,230,230,230,230,230,95,94,94,0,0,0,0,0,0,0,0
    DB 0,0,0,0,0,0,0,0,0,0,94,95,95,7,230,230,178,230,230,230,230,95,94,0,0,0,0,0,0,0,0,0
    DB 0,0,0,0,0,0,0,0,0,0,94,94,94,95,230,230,230,230,230,95,95,94,94,0,0,0,0,0,0,0,0,0
    DB 0,0,0,0,0,0,0,0,0,0,0,0,94,94,95,95,95,95,95,94,94,0,0,0,0,0,0,0,0,0,0,0
    DB 0,0,0,0,0,0,0,0,0,0,0,0,0,0,94,94,94,94,94,0,0,0,0,0,0,0,0,0,0,0,0,0
    DB 0,0,0,0,0,0,0,0,0,0,0,0,0,0,0,0,0,0,0,0,0,0,0,0,0,0,0,0,0,0,0,0
    DB 0,0,0,0,0,0,0,0,0,0,0,0,0,0,0,0,0,0,0,0,0,0,0,0,0,0,0,0,0,0,0,0
    DB 0,0,0,0,0,0,0,0,0,0,0,0,0,0,0,0,0,0,0,0,0,0,0,0,0,0,0,0,0,0,0,0
    DB 0,0,0,0,0,0,0,0,0,0,0,0,0,0,0,0,0,0,0,0,0,0,0,0,0,0,0,0,0,0,0,0
    DB 0,0,0,0,0,0,0,0,0,0,0,0,0,0,0,0,0,0,0,0,0,0,0,0,0,0,0,0,0,0,0,0
    DB 0,0,0,0,0,0,0,0,0,0,0,0,0,0,0,0,0,0,0,0,0,0,0,0,0,0,0,0,0,0,0,0
    DB 0,0,0,0,0,0,0,0,0,0,0,0,0,0,0,0,0,0,0,0,0,0,0,0,0,0,0,0,0,0,0,0
    DB 0,0,0,0,0,0,0,0,0,0,0,0,0,0,0,0,0,0,0,0,0,0,0,0,0,0,0,0,0,0,0,0
    ; BREAD  (05_BREAD.png)
    DB 0,0,0,0,0,0,0,0,0,0,0,0,0,0,0,0,0,0,0,0,0,0,0,0,0,0,0,0,0,0,0,0
    DB 0,0,0,0,0,0,0,0,0,0,0,0,0,0,0,0,0,0,0,0,0,0,0,0,0,0,0,0,0,0,0,0
    DB 0,0,0,0,0,0,0,0,0,0,0,0,0,0,0,0,0,0,0,0,0,0,0,0,0,0,0,0,0,0,0,0
    DB 0,0,0,0,0,0,0,0,0,0,0,0,0,0,0,0,0,0,0,0,0,0,0,0,0,0,0,0,0,0,0,0
    DB 0,0,0,0,0,0,0,0,0,0,0,0,0,0,0,0,0,0,0,0,0,0,0,0,0,0,0,0,0,0,0,0
    DB 0,0,0,0,0,0,0,0,0,0,0,0,0,0,0,0,0,0,0,0,0,0,0,0,0,0,0,0,0,0,0,0
    DB 0,0,0,0,0,0,0,0,0,0,0,137,137,137,137,137,137,137,137,137,137,0,0,0,0,0,0,0,0,0,0,0
    DB 0,0,0,0,0,0,0,0,0,0,0,137,137,137,137,137,137,137,137,137,137,0,0,0,0,0,0,0,0,0,0,0
    DB 0,0,0,0,0,0,0,0,137,137,137,229,229,229,229,229,229,229,186,137,137,137,137,137,0,0,0,0,0,0,0,0
    DB 0,0,0,0,0,0,0,0,180,186,186,229,229,229,229,229,229,229,223,186,186,137,137,137,137,0,0,0,0,0,0,0
    DB 0,0,0,0,0,0,0,137,186,229,229,229,229,229,229,229,229,229,229,229,229,137,137,137,137,0,0,0,0,0,0,0
    DB 0,0,0,0,0,0,137,186,229,229,229,229,229,229,229,229,229,229,229,229,229,229,229,137,137,137,0,0,0,0,0,0
    DB 0,0,0,0,0,0,137,186,229,229,229,229,229,229,229,229,229,229,229,229,229,229,229,137,137,137,0,0,0,0,0,0
    DB 0,0,0,0,0,0,137,186,229,229,229,229,229,229,229,229,229,229,229,229,229,229,229,137,137,137,0,0,0,0,0,0
    DB 0,0,0,0,0,0,137,186,229,229,229,229,229,229,229,229,229,229,229,229,229,229,229,137,137,137,0,0,0,0,0,0
    DB 0,0,0,0,0,0,0,137,186,229,229,229,229,229,229,229,229,229,229,229,229,229,137,137,137,0,0,0,0,0,0,0
    DB 0,0,0,0,0,0,0,137,186,229,229,229,229,229,229,229,229,229,229,229,229,229,137,137,137,0,0,0,0,0,0,0
    DB 0,0,0,0,0,0,0,137,186,229,229,229,229,229,229,229,229,229,229,229,229,229,137,137,137,0,0,0,0,0,0,0
    DB 0,0,0,0,0,0,0,137,186,229,229,229,229,229,229,229,229,229,229,229,229,229,137,137,137,0,0,0,0,0,0,0
    DB 0,0,0,0,0,0,0,137,186,229,229,229,229,229,229,229,229,229,229,229,229,229,137,137,137,0,0,0,0,0,0,0
    DB 0,0,0,0,0,0,0,137,186,229,229,229,229,229,229,229,229,229,229,229,229,229,137,137,137,0,0,0,0,0,0,0
    DB 0,0,0,0,0,0,0,137,186,229,229,229,229,229,229,229,229,229,229,229,229,229,137,137,137,0,0,0,0,0,0,0
    DB 0,0,0,0,0,0,0,137,186,229,229,229,229,229,229,229,229,229,229,229,229,229,137,137,137,0,0,0,0,0,0,0
    DB 0,0,0,0,0,0,0,137,186,229,229,229,229,229,229,229,229,229,229,229,229,229,137,137,137,0,0,0,0,0,0,0
    DB 0,0,0,0,0,0,0,137,137,137,137,137,137,137,137,137,137,137,137,137,137,137,137,137,137,0,0,0,0,0,0,0
    DB 0,0,0,0,0,0,0,137,137,137,137,137,137,137,137,137,137,137,137,137,137,137,137,137,137,0,0,0,0,0,0,0
    DB 0,0,0,0,0,0,0,0,0,0,0,0,0,0,0,0,0,0,0,0,0,0,0,0,0,0,0,0,0,0,0,0
    DB 0,0,0,0,0,0,0,0,0,0,0,0,0,0,0,0,0,0,0,0,0,0,0,0,0,0,0,0,0,0,0,0
    DB 0,0,0,0,0,0,0,0,0,0,0,0,0,0,0,0,0,0,0,0,0,0,0,0,0,0,0,0,0,0,0,0
    DB 0,0,0,0,0,0,0,0,0,0,0,0,0,0,0,0,0,0,0,0,0,0,0,0,0,0,0,0,0,0,0,0
    DB 0,0,0,0,0,0,0,0,0,0,0,0,0,0,0,0,0,0,0,0,0,0,0,0,0,0,0,0,0,0,0,0
    DB 0,0,0,0,0,0,0,0,0,0,0,0,0,0,0,0,0,0,0,0,0,0,0,0,0,0,0,0,0,0,0,0
    ; TIGER  (06_TIGER.png)
    DB 0,0,0,0,0,0,0,0,0,0,0,0,0,0,0,0,0,0,0,0,0,0,0,0,0,0,0,0,0,0,0,0
    DB 0,0,0,0,0,0,0,0,0,0,0,0,0,0,0,0,0,0,0,0,0,0,0,0,0,0,0,0,0,0,0,0
    DB 0,0,0,0,232,232,232,232,0,0,0,0,0,0,0,0,0,0,0,0,0,0,0,232,232,232,0,0,0,0,0,0
    DB 0,0,0,232,232,214,214,232,232,232,0,0,0,0,0,0,0,0,0,0,0,0,232,232,214,232,232,232,0,0,0,0
    DB 0,0,232,232,214,214,15,214,214,232,232,0,0,0,0,0,0,0,0,0,0,232,232,214,214,214,214,232,232,0,0,0
    DB 0,0,232,214,214,94,94,15,214,214,232,232,0,0,232,232,232,232,0,0,232,232,214,214,15,15,15,214,232,232,0,0
    DB 0,232,232,214,94,94,94,15,15,214,214,232,232,232,232,232,232,232,232,232,232,214,214,15,94,94,94,214,214,232,232,0
    DB 0,232,214,216,94,94,94,94,94,214,214,214,214,232,232,232,232,232,232,232,214,214,15,94,94,94,94,94,216,214,232,0
    DB 0,232,232,216,216,94,94,94,94,214,15,15,214,214,232,232,232,232,232,214,214,15,15,94,94,94,94,94,216,214,232,0
    DB 0,0,232,232,216,216,94,94,15,15,232,232,232,232,214,214,232,214,214,232,232,232,232,15,15,216,216,216,232,232,0,0
    DB 0,0,0,232,232,214,214,214,232,232,232,216,214,15,15,232,232,232,15,15,214,216,232,232,232,214,214,232,232,0,0,0
    DB 0,0,0,0,232,232,214,214,214,214,216,216,214,232,232,232,232,232,232,232,214,216,216,214,214,214,214,232,0,0,0,0
    DB 0,0,0,0,232,232,214,214,214,15,15,15,15,15,214,214,232,214,214,15,15,15,15,15,214,214,214,232,0,0,0,0
    DB 0,0,0,0,232,214,214,214,214,232,232,232,232,15,15,232,232,232,15,15,232,232,232,232,214,214,216,232,232,0,0,0
    DB 0,0,0,232,232,214,214,214,214,15,232,2,2,232,232,214,214,214,232,232,2,2,232,15,214,214,216,216,232,0,0,0
    DB 0,0,232,94,94,214,214,232,214,15,232,2,2,232,15,214,214,214,15,232,2,2,232,15,214,214,214,216,232,232,0,0
    DB 0,0,232,94,214,214,214,232,232,214,15,232,232,232,15,214,214,214,15,232,232,232,15,214,214,232,214,216,94,232,232,0
    DB 0,232,216,94,94,214,214,214,232,214,214,15,15,232,15,214,214,214,15,232,15,15,214,232,232,232,214,214,94,216,232,232
    DB 0,232,216,216,94,94,214,214,232,232,214,214,214,232,214,214,214,214,214,232,214,214,214,232,214,214,214,94,94,216,216,232
    DB 232,232,216,216,15,94,94,214,214,214,214,214,214,214,214,214,214,214,214,214,214,214,214,214,214,214,94,94,216,216,216,232
    DB 232,216,216,15,15,15,94,94,214,214,214,214,214,214,214,214,214,214,214,214,214,214,214,214,94,94,94,15,15,216,232,232
    DB 232,232,15,232,15,15,15,94,94,94,214,214,214,94,232,59,59,59,232,94,214,214,214,94,94,15,15,15,232,15,232,0
    DB 0,232,15,232,232,15,15,15,15,94,94,214,214,94,15,232,59,232,15,94,214,214,94,94,15,15,15,232,232,15,232,0
    DB 0,232,232,15,232,232,15,15,15,15,94,94,94,94,15,15,232,15,15,94,94,94,94,15,15,232,232,232,15,232,232,0
    DB 0,232,232,15,15,232,232,232,232,15,94,94,15,15,15,15,232,15,15,15,15,94,94,15,232,232,15,15,15,232,0,0
    DB 0,0,232,232,232,15,15,15,15,15,94,15,15,15,15,15,232,15,15,15,15,15,94,15,15,15,15,232,232,232,0,0
    DB 0,0,0,0,232,232,232,232,232,15,94,15,15,232,232,232,232,232,232,232,15,15,94,15,232,232,232,232,0,0,0,0
    DB 0,0,0,0,0,0,0,0,232,232,232,15,15,15,15,15,15,15,15,15,15,15,232,232,232,0,0,0,0,0,0,0
    DB 0,0,0,0,0,0,0,0,0,0,0,0,15,15,15,15,15,15,15,15,15,0,0,0,0,0,0,0,0,0,0,0
    DB 0,0,0,0,0,0,0,0,0,0,0,0,0,0,0,15,15,15,0,0,0,0,0,0,0,0,0,0,0,0,0,0
    DB 0,0,0,0,0,0,0,0,0,0,0,0,0,0,0,0,0,0,0,0,0,0,0,0,0,0,0,0,0,0,0,0
    DB 0,0,0,0,0,0,0,0,0,0,0,0,0,0,0,0,0,0,0,0,0,0,0,0,0,0,0,0,0,0,0,0
    ; HORSE  (07_HORSE.png)
    DB 0,0,0,0,0,0,0,0,0,0,0,0,0,0,0,0,0,0,0,0,0,0,0,0,0,0,0,0,0,0,0,0
    DB 0,0,0,0,0,0,0,0,0,0,0,0,0,0,0,0,0,0,0,0,0,0,0,0,0,0,0,0,0,0,0,0
    DB 0,0,0,0,0,0,0,0,0,0,0,0,0,0,0,0,0,0,0,0,0,0,0,0,0,0,0,0,0,0,0,0
    DB 0,0,0,0,0,0,0,0,0,0,0,0,0,0,0,0,0,0,0,0,0,0,0,0,0,0,0,0,0,0,0,0
    DB 0,0,0,0,0,0,0,0,0,0,0,0,0,0,0,0,0,0,0,0,0,0,0,0,0,0,0,0,0,0,0,0
    DB 0,0,0,0,0,0,0,0,233,58,94,233,0,0,0,0,0,0,0,0,0,0,0,0,0,0,0,0,0,0,0,0
    DB 0,0,0,0,0,0,0,94,94,94,94,58,0,0,0,0,0,0,0,0,0,0,0,0,0,0,0,0,0,0,0,0
    DB 0,0,0,0,0,0,233,58,94,94,94,95,94,0,0,0,0,0,0,0,0,0,0,0,0,0,0,0,0,0,0,0
    DB 0,0,0,0,0,0,243,180,130,172,172,172,94,58,0,0,0,0,0,0,0,0,0,0,0,0,0,0,0,0,0,0
    DB 0,0,0,0,0,243,223,172,6,179,172,172,0,94,52,0,0,0,0,0,0,0,0,0,0,0,0,0,0,0,0,0
    DB 0,0,0,0,243,230,179,172,172,172,172,94,0,58,94,0,0,0,0,0,0,0,0,0,0,0,0,0,0,0,0,0
    DB 0,0,0,243,230,137,223,172,172,172,94,94,6,232,94,58,0,0,0,0,0,0,0,0,0,0,0,0,0,0,0,0
    DB 0,0,0,243,230,230,144,101,94,58,94,6,6,94,94,94,52,0,0,0,0,0,0,0,0,0,0,0,0,0,0,0
    DB 0,0,0,237,243,243,243,243,0,58,94,172,172,6,58,232,58,0,58,58,130,6,130,233,58,58,58,0,0,0,0,0
    DB 0,0,0,0,0,0,0,0,0,58,6,172,172,172,172,6,6,172,172,172,172,172,6,6,130,94,94,58,0,0,0,0
    DB 0,0,0,0,0,0,0,0,0,58,172,172,172,172,172,172,172,172,172,172,172,172,172,172,6,58,94,94,0,0,0,0
    DB 0,0,0,0,0,0,0,0,0,0,6,172,172,172,172,172,172,172,172,172,172,172,172,172,6,58,94,94,0,0,0,0
    DB 0,0,0,0,0,0,0,0,0,58,6,172,172,172,172,172,172,172,172,172,172,172,172,172,6,58,94,58,0,0,0,0
    DB 0,0,0,0,0,0,0,0,0,0,94,172,172,172,172,172,172,172,172,172,130,172,172,172,94,58,94,0,0,0,0,0
    DB 0,0,0,0,0,0,0,0,0,0,232,94,130,6,172,6,130,6,6,94,58,172,172,6,58,58,94,233,0,0,0,0
    DB 0,0,0,0,0,0,0,0,0,0,52,58,58,130,172,6,232,58,58,58,234,58,172,6,58,0,58,94,0,0,0,0
    DB 0,0,0,0,0,0,0,0,0,0,0,94,58,58,172,94,0,0,0,233,94,58,58,172,58,0,0,0,0,0,0,0
    DB 0,0,0,0,0,0,0,0,0,0,0,94,58,58,94,58,0,0,0,0,94,58,0,94,58,0,0,0,0,0,0,0
    DB 0,0,0,0,0,0,0,0,0,0,0,94,58,0,94,58,0,0,0,0,58,58,0,94,58,0,0,0,0,0,0,0
    DB 0,0,0,0,0,0,0,0,0,0,0,94,58,0,94,58,0,0,0,0,94,58,0,58,58,0,0,0,0,0,0,0
    DB 0,0,0,0,0,0,0,0,0,0,237,245,235,0,245,238,0,0,0,59,245,0,0,8,59,0,0,0,0,0,0,0
    DB 0,0,0,0,0,0,0,0,0,0,235,238,0,234,238,235,0,0,0,234,238,0,238,245,238,0,0,0,0,0,0,0
    DB 0,0,0,0,0,0,0,0,0,0,0,0,0,0,0,0,0,0,0,0,0,0,0,0,0,0,0,0,0,0,0,0
    DB 0,0,0,0,0,0,0,0,0,0,0,0,0,0,0,0,0,0,0,0,0,0,0,0,0,0,0,0,0,0,0,0
    DB 0,0,0,0,0,0,0,0,0,0,0,0,0,0,0,0,0,0,0,0,0,0,0,0,0,0,0,0,0,0,0,0
    DB 0,0,0,0,0,0,0,0,0,0,0,0,0,0,0,0,0,0,0,0,0,0,0,0,0,0,0,0,0,0,0,0
    DB 0,0,0,0,0,0,0,0,0,0,0,0,0,0,0,0,0,0,0,0,0,0,0,0,0,0,0,0,0,0,0,0
    ; CLOUD  (08_CLOUD.png)
    DB 0,0,0,0,0,0,0,0,0,0,0,0,0,0,0,0,0,0,0,0,0,0,0,0,0,0,0,0,0,0,0,0
    DB 0,0,0,0,0,0,0,0,0,0,0,0,0,0,0,0,0,0,0,0,0,0,0,0,0,0,0,0,0,0,0,0
    DB 0,0,0,0,0,0,0,0,0,0,0,0,0,0,0,0,0,0,0,0,0,0,0,0,0,0,0,0,0,0,0,0
    DB 0,0,0,0,0,0,0,0,0,0,0,0,0,0,0,0,0,0,0,0,0,0,0,0,0,0,0,0,0,0,0,0
    DB 0,0,0,0,0,0,0,0,0,0,0,0,0,0,0,0,0,0,0,0,0,0,0,0,0,0,0,0,0,0,0,0
    DB 0,0,0,0,0,0,0,0,0,0,0,0,0,0,0,0,0,0,0,0,0,0,0,0,0,0,0,0,0,0,0,0
    DB 0,0,0,0,0,0,0,0,0,0,0,0,0,0,0,0,0,0,0,0,0,0,0,0,0,0,0,0,0,0,0,0
    DB 0,0,0,0,0,0,0,0,0,0,0,0,0,0,0,0,0,0,0,0,0,0,0,0,0,0,0,0,0,0,0,0
    DB 0,0,0,0,0,0,0,0,0,0,0,0,0,0,0,0,0,0,0,0,0,0,0,0,0,0,0,0,0,0,0,0
    DB 0,0,0,0,0,0,0,0,0,0,0,0,0,0,0,0,0,0,0,0,0,0,0,0,0,0,0,0,0,0,0,0
    DB 0,0,0,0,0,0,0,0,0,0,0,0,0,0,0,110,152,152,146,0,0,110,110,0,0,0,0,0,0,0,0,0
    DB 0,0,0,0,0,0,0,0,0,0,0,0,0,0,110,254,254,254,152,146,110,252,252,146,0,0,0,0,0,0,0,0
    DB 0,0,0,0,0,0,0,0,0,0,110,110,0,110,252,254,15,15,255,252,252,255,255,254,146,0,0,0,0,0,0,0
    DB 0,0,0,0,0,0,0,0,0,146,254,254,110,152,255,15,15,15,255,255,255,15,15,255,252,110,0,0,0,0,0,0
    DB 0,0,0,0,0,0,110,110,110,152,15,15,255,15,15,15,15,15,15,15,15,15,15,255,254,110,0,0,0,0,0,0
    DB 0,0,0,0,0,110,254,254,146,254,15,15,15,15,15,15,15,15,15,15,15,15,15,15,255,252,146,110,0,0,0,0
    DB 0,0,0,0,110,254,15,15,255,15,15,15,15,15,15,15,15,15,15,15,15,15,15,15,15,15,254,110,0,0,0,0
    DB 0,0,0,0,110,255,15,15,15,15,15,15,15,15,15,15,15,15,15,15,15,15,15,15,15,15,255,110,0,0,0,0
    DB 0,0,0,0,110,255,15,15,15,252,252,255,15,15,15,15,15,15,15,15,15,15,15,15,15,15,252,110,0,0,0,0
    DB 0,0,0,0,110,254,15,15,254,146,110,254,252,146,255,15,15,15,255,255,255,255,152,252,254,252,146,110,0,0,0,0
    DB 0,0,0,0,0,146,253,255,152,0,0,110,110,110,254,255,255,254,152,254,254,252,110,152,152,110,0,0,0,0,0,0
    DB 0,0,0,0,0,0,0,110,0,0,0,0,0,0,110,146,146,110,110,110,110,0,0,0,0,0,0,0,0,0,0,0
    DB 0,0,0,0,0,0,0,0,0,0,0,0,0,0,0,110,0,0,0,0,0,0,0,0,0,0,0,0,0,0,0,0
    DB 0,0,0,0,0,0,0,0,0,0,0,0,0,0,0,0,0,0,0,0,0,0,0,0,0,0,0,0,0,0,0,0
    DB 0,0,0,0,0,0,0,0,0,0,0,0,0,0,0,0,0,0,0,0,0,0,0,0,0,0,0,0,0,0,0,0
    DB 0,0,0,0,0,0,0,0,0,0,0,0,0,0,0,0,0,0,0,0,0,0,0,0,0,0,0,0,0,0,0,0
    DB 0,0,0,0,0,0,0,0,0,0,0,0,0,0,0,0,0,0,0,0,0,0,0,0,0,0,0,0,0,0,0,0
    DB 0,0,0,0,0,0,0,0,0,0,0,0,0,0,0,0,0,0,0,0,0,0,0,0,0,0,0,0,0,0,0,0
    DB 0,0,0,0,0,0,0,0,0,0,0,0,0,0,0,0,0,0,0,0,0,0,0,0,0,0,0,0,0,0,0,0
    DB 0,0,0,0,0,0,0,0,0,0,0,0,0,0,0,0,0,0,0,0,0,0,0,0,0,0,0,0,0,0,0,0
    DB 0,0,0,0,0,0,0,0,0,0,0,0,0,0,0,0,0,0,0,0,0,0,0,0,0,0,0,0,0,0,0,0
    DB 0,0,0,0,0,0,0,0,0,0,0,0,0,0,0,0,0,0,0,0,0,0,0,0,0,0,0,0,0,0,0,0
    ; PLANT  (09_PLANT.png)
    DB 0,0,0,0,0,0,0,0,0,0,0,0,0,0,0,0,0,0,0,0,0,0,0,0,0,0,0,0,0,0,0,0
    DB 0,0,0,0,0,0,0,0,0,0,0,0,0,0,0,0,0,0,0,0,0,0,0,0,0,0,0,0,0,0,0,0
    DB 0,0,0,0,0,0,0,0,0,0,0,0,0,0,0,0,0,0,0,0,0,0,0,0,0,0,0,0,0,0,0,0
    DB 0,0,0,0,0,0,0,0,0,0,0,0,0,0,0,0,0,0,0,0,0,0,0,0,0,0,0,0,0,0,0,0
    DB 0,0,0,0,0,0,0,0,0,0,0,0,0,0,0,0,0,0,0,0,0,0,0,0,0,0,0,0,0,0,0,0
    DB 0,0,0,0,0,0,0,0,0,0,0,0,0,0,0,0,0,0,0,0,0,0,0,0,0,0,0,0,0,0,0,0
    DB 0,0,0,0,0,0,0,0,0,0,0,0,0,0,0,0,0,0,0,0,0,0,0,0,0,0,0,0,0,0,0,0
    DB 0,0,0,0,0,0,0,0,0,0,0,0,0,0,0,0,0,0,0,0,0,0,0,0,0,0,0,0,0,0,0,0
    DB 0,0,0,0,0,0,0,0,0,0,0,0,0,0,0,0,0,0,0,0,0,0,0,0,0,0,0,0,0,0,0,0
    DB 0,0,0,0,0,0,0,0,0,0,0,0,0,0,0,0,0,0,0,0,0,0,0,0,0,0,0,0,0,0,0,0
    DB 0,0,0,0,0,0,0,0,0,0,0,29,0,0,0,0,0,0,0,0,0,0,0,0,0,0,0,0,0,0,0,0
    DB 0,0,0,0,0,0,0,0,0,29,29,42,36,29,29,29,0,0,0,0,0,0,0,0,0,0,0,0,0,0,0,0
    DB 0,0,0,0,0,0,0,0,0,29,36,42,42,42,42,29,0,0,0,0,0,0,0,0,0,0,0,0,0,0,0,0
    DB 0,0,0,0,0,0,0,0,0,29,36,42,42,42,42,42,29,0,0,0,0,0,0,0,0,0,0,0,0,0,0,0
    DB 0,0,0,0,0,0,0,0,0,29,36,42,42,36,42,42,36,29,35,35,35,29,29,0,0,0,0,0,0,0,0,0
    DB 0,0,0,0,0,0,0,0,0,29,36,42,42,29,42,42,35,36,42,42,42,36,29,0,0,0,0,0,0,0,0,0
    DB 0,0,0,0,0,0,0,0,0,0,29,42,42,42,29,35,35,36,35,42,42,29,0,0,0,0,0,0,0,0,0,0
    DB 0,0,0,0,0,0,0,0,0,0,0,35,42,42,36,29,36,29,35,42,36,29,0,0,0,0,0,0,0,0,0,0
    DB 0,0,0,0,0,0,0,0,0,0,0,29,35,35,35,29,29,29,29,35,0,0,0,0,0,0,0,0,0,0,0,0
    DB 0,0,0,0,0,0,0,0,0,0,0,0,0,0,0,0,0,0,0,0,0,0,0,0,0,0,0,0,0,0,0,0
    DB 0,0,0,0,0,0,0,0,0,0,0,0,0,0,0,0,0,0,0,0,0,0,0,0,0,0,0,0,0,0,0,0
    DB 0,0,0,0,0,0,0,0,0,0,0,0,0,0,0,0,0,0,0,0,0,0,0,0,0,0,0,0,0,0,0,0
    DB 0,0,0,0,0,0,0,0,0,0,0,0,0,0,0,0,0,0,0,0,0,0,0,0,0,0,0,0,0,0,0,0
    DB 0,0,0,0,0,0,0,0,0,0,0,0,0,0,0,0,0,0,0,0,0,0,0,0,0,0,0,0,0,0,0,0
    DB 0,0,0,0,0,0,0,0,0,0,0,0,0,0,0,0,0,0,0,0,0,0,0,0,0,0,0,0,0,0,0,0
    DB 0,0,0,0,0,0,0,0,0,0,0,0,0,0,0,0,0,0,0,0,0,0,0,0,0,0,0,0,0,0,0,0
    DB 0,0,0,0,0,0,0,0,0,0,0,0,0,0,0,0,0,0,0,0,0,0,0,0,0,0,0,0,0,0,0,0
    DB 0,0,0,0,0,0,0,0,0,0,0,0,0,0,0,0,0,0,0,0,0,0,0,0,0,0,0,0,0,0,0,0
    DB 0,0,0,0,0,0,0,0,0,0,0,0,0,0,0,0,0,0,0,0,0,0,0,0,0,0,0,0,0,0,0,0
    DB 0,0,0,0,0,0,0,0,0,0,0,0,0,0,0,0,0,0,0,0,0,0,0,0,0,0,0,0,0,0,0,0
    DB 0,0,0,0,0,0,0,0,0,0,0,0,0,0,0,0,0,0,0,0,0,0,0,0,0,0,0,0,0,0,0,0
    DB 0,0,0,0,0,0,0,0,0,0,0,0,0,0,0,0,0,0,0,0,0,0,0,0,0,0,0,0,0,0,0,0

    ; ==========================================================
    ; Hard (20-29)
    ; ==========================================================
    ; ORANGE  (00_ORANGE.png)
    DB 0,0,0,0,0,0,0,0,0,0,0,0,0,0,0,0,0,0,0,0,0,0,0,0,0,0,0,0,0,0,0,0
    DB 0,0,0,0,0,0,0,0,0,0,0,0,0,0,0,0,0,0,0,0,0,0,0,0,0,0,0,0,0,0,0,0
    DB 0,0,0,0,0,0,0,0,0,22,22,22,22,88,88,88,88,88,88,88,0,0,0,0,0,0,0,0,0,0,0,0
    DB 0,0,0,0,0,0,0,0,22,22,47,22,22,22,22,214,214,214,214,214,88,88,88,0,0,0,0,0,0,0,0,0
    DB 0,0,0,0,0,0,0,40,40,40,40,47,47,47,22,22,214,214,214,214,214,214,0,0,0,0,0,0,0,0,0,0
    DB 0,0,0,0,0,40,40,40,40,40,40,40,40,40,47,22,22,214,214,214,0,0,0,40,40,47,22,22,22,0,0,0
    DB 0,0,0,0,40,40,40,40,40,40,40,40,40,40,40,47,22,22,214,0,0,40,40,40,40,47,47,47,22,22,22,0
    DB 0,0,0,34,34,34,34,40,40,40,40,40,40,34,34,34,0,0,0,0,0,34,34,40,40,40,34,34,47,47,22,22
    DB 0,0,0,0,0,0,0,34,34,40,34,34,34,34,0,0,0,220,220,220,0,0,0,34,34,34,0,0,0,34,47,22
    DB 0,0,0,0,0,0,0,0,34,34,0,0,0,0,214,214,214,220,220,220,220,220,0,0,0,0,0,0,0,0,0,22
    DB 0,0,0,0,88,208,214,0,0,0,0,214,214,214,214,214,214,214,220,220,220,220,220,214,214,214,214,214,214,0,0,22
    DB 0,0,0,88,208,208,214,214,214,214,214,214,214,214,214,214,214,214,214,220,220,220,220,214,214,214,214,214,214,214,88,0
    DB 0,0,0,88,208,214,214,214,214,214,208,214,214,214,214,214,214,214,214,214,220,220,214,214,214,214,214,214,214,214,88,0
    DB 0,0,0,0,208,208,214,214,214,214,214,214,214,214,214,214,214,214,214,214,214,214,214,214,214,214,214,214,214,214,88,0
    DB 0,0,0,208,208,214,208,214,214,214,214,214,214,214,214,214,214,214,214,214,214,214,214,214,214,214,214,214,214,214,214,88
    DB 0,0,0,208,208,214,214,208,214,214,214,208,214,214,214,208,214,214,214,214,214,214,214,214,214,214,214,208,214,214,214,88
    DB 0,0,0,208,208,208,208,214,208,214,214,214,214,214,214,214,214,214,214,214,208,214,214,214,214,214,214,214,214,214,214,88
    DB 0,0,0,208,208,208,208,208,214,208,214,214,214,214,214,214,214,214,214,214,214,214,214,214,214,214,214,214,214,214,208,0
    DB 0,0,0,208,208,208,208,208,208,214,208,214,214,214,214,214,214,214,214,214,214,214,214,214,214,214,214,214,214,208,214,0
    DB 0,0,0,208,208,208,208,208,208,208,208,214,208,214,214,208,214,214,214,214,214,214,214,214,208,214,214,214,214,208,208,0
    DB 0,0,0,0,208,208,208,208,208,208,214,208,214,214,214,214,214,214,208,214,208,214,214,214,214,214,208,214,208,208,0,0
    DB 0,0,0,0,208,208,208,208,208,208,208,214,208,214,214,214,214,214,214,214,214,214,214,214,208,208,214,208,214,208,0,0
    DB 0,0,0,0,208,208,208,208,208,208,208,208,214,208,214,214,214,214,214,214,214,214,214,208,214,208,208,208,208,208,0,0
    DB 0,0,0,0,0,208,208,208,208,208,208,208,208,208,214,208,214,208,214,214,208,214,208,214,208,208,208,208,208,0,0,0
    DB 0,0,0,0,0,0,208,208,208,208,208,208,208,214,208,214,208,214,208,208,214,208,214,208,208,208,208,208,0,0,0,0
    DB 0,0,0,0,0,0,208,208,208,208,208,208,208,208,208,208,208,214,208,214,208,208,208,208,208,208,208,208,0,0,0,0
    DB 0,0,0,0,0,0,0,208,208,208,208,208,208,208,208,208,208,208,208,208,208,208,208,208,208,208,208,0,0,0,0,0
    DB 0,0,0,0,0,0,0,0,208,208,208,208,208,208,208,208,208,208,208,208,208,208,208,208,208,208,0,0,0,0,0,0
    DB 0,0,0,0,0,0,0,0,0,0,208,208,208,208,208,208,208,208,208,208,208,208,208,208,0,0,0,0,0,0,0,0
    DB 0,0,0,0,0,0,0,0,0,0,0,208,208,208,208,208,208,208,208,208,208,208,208,0,0,0,0,0,0,0,0,0
    DB 0,0,0,0,0,0,0,0,0,0,0,0,0,0,208,208,208,208,208,208,0,0,0,0,0,0,0,0,0,0,0,0
    DB 0,0,0,0,0,0,0,0,0,0,0,0,0,0,0,0,0,0,0,0,0,0,0,0,0,0,0,0,0,0,0,0
    ; SCHOOL  (01_SCHOOL.png)
    DB 15,15,15,15,15,15,15,15,15,15,15,15,15,15,15,15,15,15,15,15,15,15,15,15,15,15,15,15,15,15,15,15
    DB 15,15,15,15,15,15,15,15,15,15,15,15,15,15,0,0,15,15,15,15,15,15,15,15,15,15,15,15,15,15,15,15
    DB 15,15,15,15,15,15,15,15,15,15,15,15,15,15,0,4,0,15,15,15,15,15,15,15,15,15,15,15,15,15,15,15
    DB 15,15,15,15,15,15,15,15,15,15,15,15,15,15,0,4,4,0,15,15,15,15,15,15,15,15,15,15,15,15,15,15
    DB 15,15,15,15,15,15,15,15,15,15,15,15,15,15,0,4,0,15,15,15,15,15,15,15,15,15,15,15,15,15,15,15
    DB 15,15,15,15,15,15,15,15,15,15,15,15,15,15,0,0,15,15,15,15,15,15,15,15,15,15,15,15,15,15,15,15
    DB 15,15,15,15,15,15,15,15,15,15,15,15,15,15,232,15,15,15,15,15,15,15,15,15,15,15,15,15,15,15,15,15
    DB 15,15,15,15,15,15,4,4,4,4,124,124,124,160,160,160,160,160,160,160,160,160,160,160,160,160,15,15,15,15,15,15
    DB 15,15,15,15,15,160,160,124,124,124,160,160,160,160,160,160,160,160,160,160,160,160,160,160,160,160,160,15,15,15,15,15
    DB 15,15,15,15,160,160,160,160,160,160,160,160,160,160,160,160,160,160,160,160,160,160,160,160,160,160,160,160,15,15,15,15
    DB 15,15,15,160,160,160,160,160,160,160,160,160,160,160,160,160,160,160,160,160,160,160,160,160,160,124,124,124,124,15,15,15
    DB 15,15,160,160,160,124,124,124,124,124,160,160,160,160,160,160,160,160,160,160,160,160,160,160,160,160,160,160,160,160,15,15
    DB 15,0,0,0,0,0,0,0,0,0,0,0,0,0,0,0,0,0,0,0,0,0,0,0,0,0,0,0,0,0,0,15
    DB 15,15,15,0,230,230,230,230,230,230,230,230,230,230,230,230,230,230,230,230,230,230,230,230,230,230,230,230,0,15,15,15
    DB 15,15,15,0,230,230,0,0,0,230,230,230,0,0,0,230,230,230,0,0,230,230,230,0,0,0,230,230,0,15,15,15
    DB 15,15,15,0,230,0,153,153,153,0,230,0,153,153,153,0,230,0,153,153,0,230,0,153,153,153,0,230,0,15,15,15
    DB 15,15,15,0,230,0,153,153,153,0,230,0,153,153,153,0,230,0,153,153,0,230,0,153,153,153,0,230,0,15,15,15
    DB 15,15,15,0,230,0,153,153,153,0,230,0,153,153,153,0,230,0,153,153,0,230,0,153,153,153,0,230,0,15,15,15
    DB 15,15,15,0,230,0,0,0,0,0,230,0,0,0,0,0,230,0,0,0,0,230,0,0,0,0,0,230,0,15,15,15
    DB 15,15,15,0,230,230,230,230,230,230,230,230,230,230,230,230,230,230,230,230,230,230,230,230,230,230,230,230,0,15,15,15
    DB 15,15,15,0,230,230,230,230,230,230,230,230,230,230,230,230,230,230,230,230,230,230,230,230,230,230,230,230,0,15,15,15
    DB 15,15,15,0,230,230,0,0,0,0,230,230,230,230,230,230,230,230,230,230,230,230,0,0,0,0,230,230,0,15,15,15
    DB 15,15,15,0,230,230,0,153,153,0,230,230,230,230,230,230,230,230,230,230,230,230,0,153,153,0,230,230,0,15,15,15
    DB 15,15,15,0,230,230,0,153,153,0,230,0,0,0,0,0,0,0,0,0,230,230,0,153,153,0,230,230,0,15,15,15
    DB 15,15,15,0,230,230,0,153,153,0,230,230,230,0,192,192,192,0,230,230,230,230,0,153,153,0,230,230,0,15,15,15
    DB 15,15,15,0,230,230,0,153,153,0,230,230,230,0,192,192,192,0,230,230,230,230,0,153,153,0,230,230,0,15,15,15
    DB 15,15,15,0,230,230,0,153,153,0,230,230,230,0,192,192,192,0,230,230,230,230,0,153,153,0,230,230,0,15,15,15
    DB 15,15,15,0,230,230,0,153,153,0,230,230,230,0,192,192,192,0,230,230,230,230,0,153,153,0,230,230,0,15,15,15
    DB 15,15,15,0,230,230,0,0,0,0,230,230,230,0,192,192,192,0,230,230,230,230,0,0,0,0,230,230,0,15,15,15
    DB 15,15,15,0,230,230,230,230,230,230,230,230,230,0,192,192,192,0,230,230,230,230,230,230,230,230,230,230,0,15,15,15
    DB 15,15,15,0,0,0,0,0,0,0,0,0,0,0,0,0,0,0,0,0,0,0,0,0,0,0,0,0,0,15,15,15
    DB 2,2,2,2,2,2,2,2,2,2,2,2,2,2,2,2,2,2,2,2,2,2,2,2,2,2,2,2,2,2,2,2
    ; BRIDGE  (02_BRIDGE.png)
    DB 15,15,15,15,15,15,15,15,15,15,15,15,15,15,15,15,15,15,15,15,15,15,15,15,15,15,15,15,15,15,15,15
    DB 15,15,15,15,15,15,15,15,15,15,15,15,15,15,15,15,15,15,15,15,15,15,15,15,15,15,15,15,15,15,15,15
    DB 15,15,15,15,15,15,15,15,15,15,15,15,15,15,15,15,15,15,15,15,15,15,15,15,15,15,15,15,15,15,15,15
    DB 15,15,15,15,15,15,15,15,15,15,15,15,15,15,15,15,15,15,15,15,15,15,15,15,15,15,15,15,15,15,15,15
    DB 15,15,15,15,15,15,15,15,15,15,15,15,15,15,15,15,15,15,15,15,15,15,15,15,15,15,15,15,15,15,15,15
    DB 15,15,15,15,15,15,15,15,15,15,15,15,15,15,15,15,15,15,15,15,15,15,15,15,15,15,15,15,15,15,15,15
    DB 15,15,15,15,15,15,15,15,15,15,15,15,15,15,15,15,15,15,15,15,15,15,15,15,15,15,15,15,15,15,15,15
    DB 15,15,15,15,15,15,15,15,15,15,15,15,15,15,15,15,15,15,15,15,15,15,15,15,15,15,15,15,15,15,15,15
    DB 15,15,15,15,15,15,15,15,15,15,15,15,15,15,15,15,15,15,15,15,15,15,15,15,15,15,15,15,15,15,15,15
    DB 15,15,15,15,15,15,15,15,15,15,15,15,15,15,15,15,15,15,15,15,15,15,15,15,15,15,15,15,15,15,15,15
    DB 8,8,8,8,8,8,8,8,8,8,8,8,8,8,8,8,8,8,8,8,8,8,8,8,8,8,8,8,8,8,8,8
    DB 15,8,15,15,8,15,15,15,8,15,15,15,8,15,15,8,8,15,15,8,15,15,15,8,15,15,15,8,15,15,8,15
    DB 8,8,15,8,15,8,15,8,15,8,15,8,15,8,15,8,8,15,8,15,8,15,8,15,8,15,8,15,8,15,8,8
    DB 15,8,8,15,15,15,8,15,15,15,8,15,15,15,8,8,8,8,15,15,15,8,15,15,15,8,15,15,15,8,8,15
    DB 8,8,8,8,8,8,8,8,8,8,8,8,8,8,8,8,8,8,8,8,8,8,8,8,8,8,8,8,8,8,8,8
    DB 8,8,8,8,8,8,8,8,8,8,8,8,8,8,8,8,8,8,8,8,8,8,8,8,8,8,8,8,8,8,8,8
    DB 8,7,7,7,7,7,8,8,7,7,7,7,7,8,8,8,8,8,8,7,7,7,7,7,8,8,7,7,7,7,7,8
    DB 15,8,7,7,7,7,8,8,7,7,7,7,8,15,15,15,15,15,15,8,7,7,7,7,8,8,7,7,7,7,8,15
    DB 15,15,8,7,7,7,8,8,7,7,7,8,15,15,15,15,15,15,15,15,8,7,7,7,8,8,7,7,7,8,15,15
    DB 15,15,15,8,7,7,8,8,7,7,8,15,15,15,15,15,15,15,15,15,15,8,7,7,8,8,7,7,8,15,15,15
    DB 15,15,15,15,8,7,8,8,7,8,15,15,15,15,15,15,15,15,15,15,15,15,8,7,8,8,7,8,15,15,15,15
    DB 15,15,15,15,15,8,8,8,7,8,15,15,15,15,15,15,15,15,15,15,15,15,8,7,8,8,8,15,15,15,15,15
    DB 15,15,15,15,15,15,8,8,7,8,15,15,15,15,15,15,15,15,15,15,15,15,8,7,8,8,15,15,15,15,15,15
    DB 15,15,15,15,15,15,8,8,7,8,15,15,15,15,15,15,15,15,15,15,15,15,8,7,8,8,15,15,15,15,15,15
    DB 15,15,15,15,15,15,8,8,7,8,15,15,15,15,15,15,15,15,15,15,15,15,8,7,8,8,15,15,15,15,15,15
    DB 15,15,15,15,15,15,8,8,7,8,15,15,15,15,15,15,15,15,15,15,15,15,8,7,8,8,15,15,15,15,15,15
    DB 9,9,9,9,9,9,8,8,7,8,9,9,9,9,9,9,9,9,9,9,9,9,8,7,8,8,9,9,9,9,63,63
    DB 9,9,9,63,63,63,8,8,7,8,63,63,63,63,63,63,63,63,63,63,63,63,8,7,8,8,63,63,63,63,9,9
    DB 9,63,63,63,63,9,8,8,7,8,63,63,63,63,63,63,63,63,63,63,63,63,8,7,8,8,63,63,63,63,63,63
    DB 63,63,1,63,63,63,8,8,7,8,63,63,63,9,9,9,63,63,63,63,63,63,8,7,8,8,63,63,63,63,63,63
    DB 63,63,9,63,63,63,8,8,7,8,63,63,63,63,63,9,9,9,63,63,63,63,8,7,8,8,63,63,9,63,63,63
    DB 63,63,63,63,63,63,8,8,7,8,63,63,63,63,63,63,63,63,63,63,63,63,8,7,8,8,63,63,63,63,63,63
    ; CHICKEN  (03_CHICKEN.png)
    DB 0,0,0,0,0,0,0,0,0,0,0,0,0,0,0,0,0,0,0,0,0,0,0,0,0,0,0,0,0,0,0,0
    DB 0,0,0,0,0,0,0,0,0,0,0,0,0,0,0,0,0,0,0,0,0,0,0,0,0,0,0,0,0,0,0,0
    DB 0,0,0,0,0,0,0,0,0,0,0,0,0,0,0,0,0,0,0,0,0,0,0,0,0,0,0,0,0,0,0,0
    DB 0,0,0,0,0,0,0,0,0,0,0,0,0,0,0,0,0,0,0,0,0,0,0,0,0,0,0,0,0,0,0,0
    DB 0,0,0,0,0,0,0,0,0,0,0,0,0,0,0,0,0,0,0,0,0,0,0,0,0,0,0,0,0,0,0,0
    DB 0,0,0,0,0,0,0,0,0,0,0,0,0,0,0,0,0,0,0,0,0,0,0,0,0,0,0,0,0,0,0,0
    DB 0,0,0,0,0,0,0,0,0,0,0,0,0,0,0,168,168,0,0,0,0,0,0,0,0,0,0,0,0,0,0,0
    DB 0,0,0,0,0,0,0,0,0,0,0,0,0,168,168,160,160,168,168,0,0,0,0,0,0,0,0,0,0,0,0,0
    DB 0,0,0,0,0,0,0,0,0,0,0,0,0,160,160,160,160,160,160,0,0,0,0,0,0,0,0,0,0,0,0,0
    DB 0,0,0,0,0,0,0,0,0,0,0,0,4,4,160,160,160,160,4,4,0,0,0,0,0,0,0,0,0,0,0,0
    DB 0,0,0,0,0,0,0,0,0,0,0,0,0,0,4,4,4,4,0,0,0,0,0,0,0,0,0,0,0,0,0,0
    DB 0,0,0,0,0,0,0,0,0,0,0,178,178,178,0,4,4,0,178,178,178,0,0,0,0,0,0,0,0,0,0,0
    DB 0,0,0,0,0,0,0,0,0,0,223,220,220,220,178,0,0,178,220,220,220,223,0,0,0,0,0,0,0,0,0,0
    DB 0,0,0,0,0,0,0,0,0,223,220,220,220,220,220,178,178,220,220,220,220,220,223,0,0,0,0,0,0,0,0,0
    DB 0,0,0,0,0,0,0,0,223,220,235,235,235,220,220,220,220,220,220,235,235,235,220,223,0,0,0,0,0,0,0,0
    DB 0,0,0,0,0,0,0,0,223,235,235,235,254,235,220,220,220,220,235,254,235,235,235,223,0,0,0,0,0,0,0,0
    DB 0,0,0,0,0,0,0,223,220,235,235,242,235,235,220,220,220,220,235,235,242,235,235,220,223,0,0,0,0,0,0,0
    DB 0,0,0,0,0,0,0,223,220,235,235,235,235,235,220,220,220,220,235,235,235,235,235,220,223,0,0,0,0,0,0,0
    DB 0,0,0,0,0,0,223,220,220,220,235,235,235,220,220,220,220,220,220,235,235,235,220,220,220,223,0,0,0,0,0,0
    DB 0,0,0,0,0,0,220,220,220,220,220,220,220,220,220,235,235,220,220,220,220,220,220,220,220,220,0,0,0,0,0,0
    DB 0,0,0,0,0,220,220,220,220,220,220,220,220,220,235,254,214,235,220,220,220,220,220,220,220,220,220,0,0,0,0,0
    DB 0,0,0,0,220,220,220,220,220,220,220,220,220,235,214,214,214,214,235,220,220,220,220,220,220,220,220,220,0,0,0,0
    DB 0,0,0,0,178,220,220,0,220,220,220,220,220,235,208,214,214,208,235,220,220,220,220,220,0,220,220,178,0,0,0,0
    DB 0,0,0,0,178,220,178,0,220,220,220,220,220,220,235,208,208,235,220,220,220,220,220,220,0,178,220,178,0,0,0,0
    DB 0,0,0,0,178,178,0,178,220,220,220,220,220,220,220,235,235,220,220,220,220,220,220,220,178,0,178,178,0,0,0,0
    DB 0,0,0,0,0,0,178,178,178,220,220,220,220,220,220,220,220,220,220,220,220,220,220,178,178,178,0,0,0,0,0,0
    DB 0,0,0,0,0,0,0,178,178,178,220,220,220,220,220,220,220,220,220,220,220,220,178,178,178,0,0,0,0,0,0,0
    DB 0,0,0,0,0,0,0,0,0,178,178,178,178,178,178,178,178,178,178,178,178,178,178,0,0,0,0,0,0,0,0,0
    DB 0,0,0,0,0,0,0,0,0,0,178,178,178,178,178,178,178,178,178,178,178,0,0,0,0,0,0,0,0,0,0,0
    DB 0,0,0,0,0,0,0,0,0,0,0,0,0,0,0,0,0,0,0,0,0,0,0,0,0,0,0,0,0,0,0,0
    DB 0,0,0,0,0,0,0,0,0,0,0,0,0,0,0,0,0,0,0,0,0,0,0,0,0,0,0,0,0,0,0,0
    DB 0,0,0,0,0,0,0,0,0,0,0,0,0,0,0,0,0,0,0,0,0,0,0,0,0,0,0,0,0,0,0,0
    ; RAINBOW  (04_RAINBOW.png)
    DB 0,0,0,0,0,0,0,0,0,0,0,0,0,0,0,0,0,0,0,0,0,0,0,0,0,0,0,0,0,0,0,0
    DB 0,0,0,0,0,0,0,0,0,0,0,0,0,0,0,0,0,0,0,0,0,0,0,0,0,0,0,0,0,0,0,0
    DB 0,0,0,0,0,0,0,0,0,0,0,0,0,0,0,0,0,0,0,0,0,0,0,0,0,0,0,0,0,0,0,0
    DB 0,0,0,0,0,0,0,0,0,0,0,0,0,0,0,0,0,0,0,0,0,0,0,0,0,0,0,0,0,0,0,0
    DB 0,0,0,0,0,0,0,0,0,0,0,0,0,0,0,0,0,0,0,0,0,0,0,0,0,0,0,0,0,0,0,0
    DB 0,0,0,0,0,0,0,0,0,0,0,0,0,160,160,160,160,160,160,0,0,0,0,0,0,0,0,0,0,0,0,0
    DB 0,0,0,0,0,0,0,0,0,0,0,160,160,173,173,173,173,173,173,160,160,0,0,0,0,0,0,0,0,0,0,0
    DB 0,0,0,0,0,0,0,0,0,160,160,173,173,220,220,220,220,220,220,173,173,160,160,0,0,0,0,0,0,0,0,0
    DB 0,0,0,0,0,0,0,0,160,173,173,220,220,107,107,107,107,107,107,220,220,173,173,160,0,0,0,0,0,0,0,0
    DB 0,0,0,0,0,0,0,0,160,173,220,107,107,62,62,62,62,62,62,107,107,220,173,160,0,0,0,0,0,0,0,0
    DB 0,0,0,0,0,0,0,160,173,220,107,62,62,128,128,128,128,128,128,62,62,107,220,173,160,0,0,0,0,0,0,0
    DB 0,0,0,0,0,0,0,160,173,220,107,62,128,0,0,0,0,0,0,128,62,107,220,173,160,0,0,0,0,0,0,0
    DB 0,0,0,0,0,0,160,173,220,107,62,128,0,0,0,0,0,0,0,0,128,62,107,220,173,160,0,0,0,0,0,0
    DB 0,0,0,0,0,0,160,173,220,107,62,128,0,0,0,0,0,0,0,0,128,62,107,220,173,160,0,0,0,0,0,0
    DB 0,0,0,0,0,0,0,0,220,107,62,128,0,0,0,0,0,0,0,0,128,62,107,220,0,0,0,0,0,0,0,0
    DB 0,0,0,0,0,0,255,255,0,107,62,128,0,0,0,0,0,0,0,0,128,62,107,0,255,255,0,0,0,0,0,0
    DB 0,0,0,0,0,153,255,255,255,0,0,0,0,0,0,0,0,0,0,0,0,0,0,255,255,255,153,0,0,0,0,0
    DB 0,0,0,0,0,153,255,255,255,255,255,255,0,0,0,0,0,0,0,0,255,255,255,255,255,255,153,0,0,0,0,0
    DB 0,0,0,0,0,153,153,255,255,255,255,255,153,0,0,0,0,0,0,153,255,255,255,255,255,153,153,0,0,0,0,0
    DB 0,0,0,0,0,0,153,153,153,153,255,255,153,0,0,0,0,0,0,153,255,255,153,153,153,153,0,0,0,0,0,0
    DB 0,0,0,0,0,0,0,0,0,0,153,153,0,0,0,0,0,0,0,0,153,153,0,0,0,0,0,0,0,0,0,0
    DB 0,0,0,0,0,0,0,0,0,0,0,0,0,0,0,0,0,0,0,0,0,0,0,0,0,0,0,0,0,0,0,0
    DB 0,0,0,0,0,0,0,0,0,0,0,0,0,0,0,0,0,0,0,0,0,0,0,0,0,0,0,0,0,0,0,0
    DB 0,0,0,0,0,0,0,0,0,0,0,0,0,0,0,0,0,0,0,0,0,0,0,0,0,0,0,0,0,0,0,0
    DB 0,0,0,0,0,0,0,0,0,0,0,0,0,0,0,0,0,0,0,0,0,0,0,0,0,0,0,0,0,0,0,0
    DB 0,0,0,0,0,0,0,0,0,0,0,0,0,0,0,0,0,0,0,0,0,0,0,0,0,0,0,0,0,0,0,0
    DB 0,0,0,0,0,0,0,0,0,0,0,0,0,0,0,0,0,0,0,0,0,0,0,0,0,0,0,0,0,0,0,0
    DB 0,0,0,0,0,0,0,0,0,0,0,0,0,0,0,0,0,0,0,0,0,0,0,0,0,0,0,0,0,0,0,0
    DB 0,0,0,0,0,0,0,0,0,0,0,0,0,0,0,0,0,0,0,0,0,0,0,0,0,0,0,0,0,0,0,0
    DB 0,0,0,0,0,0,0,0,0,0,0,0,0,0,0,0,0,0,0,0,0,0,0,0,0,0,0,0,0,0,0,0
    DB 0,0,0,0,0,0,0,0,0,0,0,0,0,0,0,0,0,0,0,0,0,0,0,0,0,0,0,0,0,0,0,0
    DB 0,0,0,0,0,0,0,0,0,0,0,0,0,0,0,0,0,0,0,0,0,0,0,0,0,0,0,0,0,0,0,0
    ; PENGUIN  (05_PENGUIN.png)
    DB 0,0,0,0,0,0,0,0,0,0,0,0,0,0,0,0,0,0,0,0,0,0,0,0,0,0,0,0,0,0,0,0
    DB 0,0,0,0,0,0,0,0,0,0,0,0,0,0,0,0,0,0,0,0,0,0,0,0,0,0,0,0,0,0,0,0
    DB 0,0,0,0,0,0,0,0,0,0,0,0,0,0,0,0,0,0,0,0,0,0,0,0,0,0,0,0,0,0,0,0
    DB 0,0,0,0,0,0,0,0,0,0,0,0,0,0,0,0,0,0,0,0,0,0,0,0,0,0,0,0,0,0,0,0
    DB 0,0,0,0,0,0,0,0,0,0,0,0,0,0,0,0,0,0,0,0,0,0,0,0,0,0,0,0,0,0,0,0
    DB 0,0,0,0,0,0,0,0,0,0,0,0,234,234,234,234,234,234,234,0,0,0,0,0,0,0,0,0,0,0,0,0
    DB 0,0,0,0,0,0,0,0,0,0,234,234,234,234,234,234,234,234,234,234,234,0,0,0,0,0,0,0,0,0,0,0
    DB 0,0,0,0,0,0,0,0,0,234,234,234,234,234,234,234,234,234,234,234,234,234,0,0,0,0,0,0,0,0,0,0
    DB 0,0,0,0,0,0,0,0,234,234,234,234,234,234,234,234,234,234,234,234,234,234,234,0,0,0,0,0,0,0,0,0
    DB 0,0,0,0,0,0,0,0,234,234,234,234,234,234,234,234,234,234,234,234,234,234,234,0,0,0,0,0,0,0,0,0
    DB 0,0,0,0,0,0,0,0,234,234,254,254,254,254,234,234,234,254,254,254,254,234,234,0,0,0,0,0,0,0,0,0
    DB 0,0,0,0,0,0,234,234,234,254,254,254,254,254,254,234,254,254,254,254,254,254,234,234,234,0,0,0,0,0,0,0
    DB 0,0,0,0,0,0,234,234,254,254,254,254,254,254,254,254,254,254,254,254,254,254,254,234,234,0,0,0,0,0,0,0
    DB 0,0,0,0,0,0,234,234,254,254,59,59,59,254,254,254,254,254,59,59,59,254,254,234,234,0,0,0,0,0,0,0
    DB 0,0,0,0,0,0,234,234,254,59,59,59,254,59,254,254,254,59,254,59,59,59,254,234,234,0,0,0,0,0,0,0
    DB 0,0,0,0,234,234,234,254,254,59,59,59,59,59,254,254,254,59,59,59,59,59,254,254,234,234,234,0,0,0,0,0
    DB 0,0,0,234,234,234,234,254,254,254,59,59,59,254,254,254,254,254,59,59,59,254,254,254,234,234,234,234,0,0,0,0
    DB 0,0,0,234,234,234,234,254,224,224,254,254,254,254,254,254,254,254,254,254,254,224,224,254,234,234,234,234,0,0,0,0
    DB 0,0,0,0,234,234,234,254,224,224,254,254,254,216,216,216,216,216,254,254,254,224,224,254,234,234,234,0,0,0,0,0
    DB 0,0,0,0,0,0,234,234,254,254,254,254,254,254,216,216,216,254,254,254,254,254,254,234,234,0,0,0,0,0,0,0
    DB 0,0,0,0,0,0,0,234,254,254,254,254,254,254,254,254,254,254,254,254,254,254,254,234,0,0,0,0,0,0,0,0
    DB 0,0,0,0,0,0,0,234,254,254,254,254,254,254,254,254,254,254,254,254,254,254,254,234,0,0,0,0,0,0,0,0
    DB 0,0,0,0,0,0,0,234,234,254,254,254,254,254,254,254,254,254,254,254,254,254,234,234,0,0,0,0,0,0,0,0
    DB 0,0,0,0,0,0,0,0,234,234,234,234,234,234,234,234,234,234,234,234,234,234,234,0,0,0,0,0,0,0,0,0
    DB 0,0,0,0,0,0,0,0,0,234,234,234,234,234,234,234,234,234,234,234,234,234,0,0,0,0,0,0,0,0,0,0
    DB 0,0,0,0,0,0,0,0,0,0,234,234,234,234,234,234,234,234,234,234,234,0,0,0,0,0,0,0,0,0,0,0
    DB 0,0,0,0,0,0,0,0,0,0,0,216,216,216,234,234,234,216,216,216,0,0,0,0,0,0,0,0,0,0,0,0
    DB 0,0,0,0,0,0,0,0,0,0,216,216,216,216,0,0,0,216,216,216,216,0,0,0,0,0,0,0,0,0,0,0
    DB 0,0,0,0,0,0,0,0,0,0,0,0,0,0,0,0,0,0,0,0,0,0,0,0,0,0,0,0,0,0,0,0
    DB 0,0,0,0,0,0,0,0,0,0,0,0,0,0,0,0,0,0,0,0,0,0,0,0,0,0,0,0,0,0,0,0
    DB 0,0,0,0,0,0,0,0,0,0,0,0,0,0,0,0,0,0,0,0,0,0,0,0,0,0,0,0,0,0,0,0
    DB 0,0,0,0,0,0,0,0,0,0,0,0,0,0,0,0,0,0,0,0,0,0,0,0,0,0,0,0,0,0,0,0
    ; BLANKET  (06_BLANKET.png)
    DB 15,15,15,15,15,15,15,15,15,15,15,15,15,15,15,15,15,15,15,15,15,15,15,15,15,15,15,15,15,15,15,15
    DB 15,15,15,15,15,15,15,15,15,15,15,15,15,15,15,15,15,15,15,15,15,15,15,15,15,15,15,15,15,15,15,15
    DB 15,15,15,15,15,15,15,15,15,15,15,15,15,15,15,15,15,15,15,15,15,15,15,15,15,15,15,15,15,15,15,15
    DB 15,15,15,15,15,15,15,15,15,15,15,15,15,15,15,15,15,15,15,15,15,15,15,15,15,15,15,15,15,15,15,15
    DB 15,15,15,15,15,15,15,15,15,15,15,15,15,15,15,15,15,15,15,15,15,15,220,220,220,220,220,220,220,15,15,15
    DB 15,15,15,15,15,15,15,15,15,15,15,15,15,15,15,15,15,15,15,15,220,220,220,230,230,230,222,230,220,15,15,15
    DB 15,15,15,15,15,15,15,15,15,15,15,15,15,220,220,220,220,220,220,220,220,226,226,220,230,230,222,222,220,220,15,15
    DB 15,15,15,15,15,15,15,15,15,15,15,15,220,220,230,230,220,226,226,226,226,226,226,220,230,230,230,222,222,230,220,15
    DB 15,15,15,15,15,15,15,15,15,15,15,220,230,230,230,220,226,226,226,226,226,226,226,220,230,230,230,230,222,230,220,15
    DB 15,15,15,15,15,15,15,15,15,15,220,230,230,230,220,220,226,226,226,226,226,226,226,220,230,230,230,230,222,220,220,15
    DB 15,15,15,15,15,15,15,15,220,220,230,222,230,230,220,226,226,226,226,226,226,226,226,226,220,230,230,230,222,220,15,15
    DB 15,15,15,15,220,220,220,220,230,230,222,222,230,230,220,226,226,226,226,226,226,226,226,226,220,220,230,230,222,220,15,15
    DB 15,15,220,220,230,222,226,220,230,230,222,230,230,230,220,220,226,226,226,226,226,226,226,226,226,220,220,230,222,220,220,15
    DB 15,220,230,222,222,226,226,220,230,230,222,230,230,230,230,220,226,226,226,226,226,226,226,226,226,226,220,230,222,230,220,15
    DB 15,220,230,222,226,226,226,220,230,230,222,230,230,230,230,230,220,220,226,226,226,226,226,226,226,226,226,220,230,222,220,15
    DB 15,220,230,222,226,226,226,220,230,230,222,230,230,230,230,230,230,220,226,226,226,226,226,226,226,226,226,220,230,222,222,220
    DB 15,220,230,222,226,226,226,226,220,230,222,230,230,230,230,230,230,220,226,226,226,226,226,226,226,226,226,220,230,230,222,220
    DB 15,220,220,222,222,226,226,220,220,230,222,230,230,230,230,230,230,220,220,226,226,226,226,226,226,226,226,220,230,230,222,220
    DB 15,15,220,15,222,226,226,220,230,230,222,230,230,230,230,230,230,230,220,226,226,226,226,226,226,226,226,220,230,230,222,220
    DB 15,15,15,220,222,222,226,220,230,230,222,230,230,230,230,230,230,230,220,226,226,226,226,226,226,226,226,220,230,222,222,220
    DB 15,15,15,220,230,222,226,226,220,220,222,222,230,230,230,230,230,230,220,226,226,226,226,226,226,226,226,220,230,220,220,15
    DB 15,15,15,220,230,222,226,226,226,220,220,222,222,230,230,230,230,230,230,220,226,226,226,226,226,220,220,220,220,15,15,15
    DB 15,15,15,220,230,222,226,226,226,226,220,230,230,222,230,230,230,230,230,220,220,226,226,222,222,220,15,15,15,15,15,15
    DB 15,15,15,220,230,222,226,226,226,226,220,230,230,222,230,230,230,230,230,230,220,226,226,220,220,15,15,15,15,15,15,15
    DB 15,15,15,220,230,222,226,226,226,226,220,230,230,222,230,230,230,230,230,230,220,220,220,220,15,15,15,15,15,15,15,15
    DB 15,15,15,220,220,222,222,226,226,226,220,230,230,222,222,230,220,220,220,220,220,15,15,15,15,15,15,15,15,15,15,15
    DB 15,15,15,15,220,230,222,226,226,220,220,220,220,220,220,220,15,15,15,15,15,15,15,15,15,15,15,15,15,15,15,15
    DB 15,15,15,15,220,230,220,220,220,15,15,15,15,15,15,15,15,15,15,15,15,15,15,15,15,15,15,15,15,15,15,15
    DB 15,15,15,15,15,220,220,15,15,15,15,15,15,15,15,15,15,15,15,15,15,15,15,15,15,15,15,15,15,15,15,15
    DB 15,15,15,15,15,15,15,15,15,15,15,15,15,15,15,15,15,15,15,15,15,15,15,15,15,15,15,15,15,15,15,15
    DB 15,15,15,15,15,15,15,15,15,15,15,15,15,15,15,15,15,15,15,15,15,15,15,15,15,15,15,15,15,15,15,15
    DB 15,15,15,15,15,15,15,15,15,15,15,15,15,15,15,15,15,15,15,15,15,15,15,15,15,15,15,15,15,15,15,15
    ; THUNDER  (07_THUNDER.png)
    DB 0,0,0,0,0,0,0,0,0,0,0,0,0,0,0,0,0,0,0,0,0,0,0,0,0,0,0,0,0,0,0,0
    DB 0,0,0,0,0,0,0,0,0,0,0,0,0,0,0,0,0,0,0,0,0,0,0,0,0,0,0,0,0,0,0,0
    DB 0,0,0,0,0,0,0,0,0,0,0,0,0,0,0,0,0,0,0,0,0,0,0,0,0,0,0,0,0,0,0,0
    DB 0,0,0,0,0,0,0,0,0,0,0,0,0,0,0,0,0,0,0,0,0,0,0,0,0,0,0,0,0,0,0,0
    DB 0,0,0,0,0,0,0,0,0,0,0,0,0,0,0,0,0,0,0,0,0,0,0,0,0,0,0,0,0,0,0,0
    DB 0,0,0,0,0,0,0,0,0,0,0,235,235,235,235,235,235,235,235,235,235,235,235,235,235,0,0,0,0,0,0,0
    DB 0,0,0,0,0,0,0,0,0,0,0,235,222,222,222,222,222,222,222,222,222,222,222,222,235,0,0,0,0,0,0,0
    DB 0,0,0,0,0,0,0,0,0,0,235,222,220,220,220,220,220,220,220,220,220,220,178,235,0,0,0,0,0,0,0,0
    DB 0,0,0,0,0,0,0,0,0,0,235,222,220,220,220,220,220,220,220,220,220,178,235,0,0,0,0,0,0,0,0,0
    DB 0,0,0,0,0,0,0,0,0,0,235,222,220,220,220,220,220,220,220,220,178,235,0,0,0,0,0,0,0,0,0,0
    DB 0,0,0,0,0,0,0,0,0,235,222,220,220,220,220,220,220,220,220,178,235,0,0,0,0,0,0,0,0,0,0,0
    DB 0,0,0,0,0,0,0,0,0,235,222,220,220,220,220,220,220,220,178,235,0,0,0,0,0,0,0,0,0,0,0,0
    DB 0,0,0,0,0,0,0,0,0,235,222,220,220,220,220,220,220,178,235,0,0,0,0,0,0,0,0,0,0,0,0,0
    DB 0,0,0,0,0,0,0,0,235,222,220,220,220,220,220,220,178,235,0,0,0,0,0,0,0,0,0,0,0,0,0,0
    DB 0,0,0,0,0,0,0,0,235,222,220,220,220,220,220,178,235,235,235,235,235,235,0,0,0,0,0,0,0,0,0,0
    DB 0,0,0,0,0,0,0,0,235,222,220,220,220,220,220,220,220,220,220,220,178,235,0,0,0,0,0,0,0,0,0,0
    DB 0,0,0,0,0,0,0,0,235,235,235,235,235,235,222,220,220,220,220,178,235,0,0,0,0,0,0,0,0,0,0,0
    DB 0,0,0,0,0,0,0,0,0,0,0,0,0,235,222,220,220,220,178,235,0,0,0,0,0,0,0,0,0,0,0,0
    DB 0,0,0,0,0,0,0,0,0,0,0,0,235,222,220,220,220,178,235,0,0,0,0,0,0,0,0,0,0,0,0,0
    DB 0,0,0,0,0,0,0,0,0,0,0,0,235,222,220,220,178,235,0,0,0,0,0,0,0,0,0,0,0,0,0,0
    DB 0,0,0,0,0,0,0,0,0,0,0,235,222,220,220,178,235,0,0,0,0,0,0,0,0,0,0,0,0,0,0,0
    DB 0,0,0,0,0,0,0,0,0,0,0,235,222,220,178,235,0,0,0,0,0,0,0,0,0,0,0,0,0,0,0,0
    DB 0,0,0,0,0,0,0,0,0,0,235,222,220,178,235,0,0,0,0,0,0,0,0,0,0,0,0,0,0,0,0,0
    DB 0,0,0,0,0,0,0,0,0,0,235,222,178,235,0,0,0,0,0,0,0,0,0,0,0,0,0,0,0,0,0,0
    DB 0,0,0,0,0,0,0,0,0,235,222,178,235,0,0,0,0,0,0,0,0,0,0,0,0,0,0,0,0,0,0,0
    DB 0,0,0,0,0,0,0,0,0,235,178,235,0,0,0,0,0,0,0,0,0,0,0,0,0,0,0,0,0,0,0,0
    DB 0,0,0,0,0,0,0,0,0,235,235,0,0,0,0,0,0,0,0,0,0,0,0,0,0,0,0,0,0,0,0,0
    DB 0,0,0,0,0,0,0,0,0,0,0,0,0,0,0,0,0,0,0,0,0,0,0,0,0,0,0,0,0,0,0,0
    DB 0,0,0,0,0,0,0,0,0,0,0,0,0,0,0,0,0,0,0,0,0,0,0,0,0,0,0,0,0,0,0,0
    DB 0,0,0,0,0,0,0,0,0,0,0,0,0,0,0,0,0,0,0,0,0,0,0,0,0,0,0,0,0,0,0,0
    DB 0,0,0,0,0,0,0,0,0,0,0,0,0,0,0,0,0,0,0,0,0,0,0,0,0,0,0,0,0,0,0,0
    DB 0,0,0,0,0,0,0,0,0,0,0,0,0,0,0,0,0,0,0,0,0,0,0,0,0,0,0,0,0,0,0,0
    ; LANTERN  (08_LANTERN.png)
    DB 0,0,0,0,0,0,0,0,0,0,0,0,0,0,0,0,0,0,0,0,0,0,0,0,0,0,0,0,0,0,0,0
    DB 0,0,0,0,0,0,0,0,0,0,0,0,0,0,0,0,0,0,0,0,0,0,0,0,0,0,0,0,0,0,0,0
    DB 0,0,0,0,0,0,0,0,0,0,0,0,0,0,0,0,0,0,0,0,0,0,0,0,0,0,0,0,0,0,0,0
    DB 0,0,0,0,0,0,0,0,0,0,0,0,0,0,0,0,0,0,0,0,0,0,0,0,0,0,0,0,0,0,0,0
    DB 0,0,0,0,0,0,0,0,0,0,0,0,0,0,0,14,14,0,0,0,0,0,0,0,0,0,0,0,0,0,0,0
    DB 0,0,0,0,0,0,0,0,0,0,0,0,0,0,14,14,14,14,0,0,0,0,0,0,0,0,0,0,0,0,0,0
    DB 0,0,0,0,0,0,0,0,0,0,0,0,0,4,4,4,4,4,4,0,0,0,0,0,0,0,0,0,0,0,0,0
    DB 0,0,0,0,0,0,0,0,0,0,4,4,4,12,4,4,4,4,12,4,4,4,0,0,0,0,0,0,0,0,0,0
    DB 0,0,0,0,0,0,0,0,0,4,12,12,12,4,12,12,12,12,4,12,12,12,4,0,0,0,0,0,0,0,0,0
    DB 0,0,0,0,0,0,0,4,4,12,12,12,4,12,12,12,12,12,12,4,12,12,12,4,4,0,0,0,0,0,0,0
    DB 0,0,0,0,0,0,4,12,12,12,12,4,12,12,12,12,12,12,12,12,4,12,12,12,12,4,0,0,0,0,0,0
    DB 0,0,0,0,0,0,4,12,12,12,4,12,12,12,12,12,12,12,12,12,12,4,12,12,12,4,0,0,0,0,0,0
    DB 0,0,0,0,0,4,12,12,12,4,12,12,12,12,12,12,12,12,12,12,12,12,4,12,12,12,4,0,0,0,0,0
    DB 0,0,0,0,4,12,12,12,12,4,12,12,12,12,12,12,12,12,12,12,12,12,4,12,14,12,12,4,0,0,0,0
    DB 0,0,0,0,4,12,14,12,12,4,12,12,12,12,12,12,12,12,12,12,12,12,4,12,12,12,12,4,0,0,0,0
    DB 0,0,0,4,12,12,12,12,4,12,12,12,12,12,12,12,12,12,12,12,12,12,12,4,12,12,12,12,4,0,0,0
    DB 0,0,0,4,12,12,12,12,4,12,12,12,12,12,12,12,12,12,12,12,12,12,12,4,12,12,12,12,4,0,0,0
    DB 0,0,0,4,12,12,12,12,4,12,12,12,12,12,12,12,12,12,12,12,12,12,12,4,12,12,12,12,4,0,0,0
    DB 0,0,0,4,12,12,12,12,4,12,12,12,12,12,12,12,12,12,12,12,12,12,12,4,12,12,12,12,4,0,0,0
    DB 0,0,0,0,4,12,12,12,12,4,12,12,12,12,12,12,12,12,12,12,12,12,4,12,12,12,12,4,0,0,0,0
    DB 0,0,0,0,4,12,12,12,12,4,12,12,12,12,12,12,12,14,12,12,12,12,4,12,12,12,12,4,0,0,0,0
    DB 0,0,0,0,0,4,12,12,12,4,12,12,12,12,12,12,12,12,12,12,12,12,4,12,12,12,4,0,0,0,0,0
    DB 0,0,0,0,0,0,4,12,12,12,4,12,12,12,14,12,12,12,12,12,12,4,12,12,12,4,0,0,0,0,0,0
    DB 0,0,0,0,0,0,4,12,12,12,12,4,12,12,12,12,14,12,12,12,4,12,12,12,12,4,0,0,0,0,0,0
    DB 0,0,0,0,0,0,0,4,4,12,12,12,4,12,12,12,12,12,12,4,12,12,12,4,4,0,0,0,0,0,0,0
    DB 0,0,0,0,0,0,0,0,0,4,12,12,12,4,12,12,12,12,4,12,12,12,4,0,0,0,0,0,0,0,0,0
    DB 0,0,0,0,0,0,0,0,0,0,4,4,4,12,4,4,4,4,12,4,4,4,0,0,0,0,0,0,0,0,0,0
    DB 0,0,0,0,0,0,0,0,0,0,0,0,0,4,4,4,4,4,4,0,0,0,0,0,0,0,0,0,0,0,0,0
    DB 0,0,0,0,0,0,0,0,0,0,0,0,0,0,14,14,14,0,0,0,0,0,0,0,0,0,0,0,0,0,0,0
    DB 0,0,0,0,0,0,0,0,0,0,0,0,0,14,14,14,14,14,0,0,0,0,0,0,0,0,0,0,0,0,0,0
    DB 0,0,0,0,0,0,0,0,0,0,0,0,14,14,0,14,0,14,14,0,0,0,0,0,0,0,0,0,0,0,0,0
    DB 0,0,0,0,0,0,0,0,0,0,0,0,0,0,0,0,0,0,0,0,0,0,0,0,0,0,0,0,0,0,0,0
    ; DOLPHIN  (09_DOLPHIN.png)
    DB 0,0,0,0,0,0,0,0,0,0,0,0,0,0,0,0,0,0,0,0,0,0,0,0,0,0,0,0,0,0,0,0
    DB 0,0,0,0,0,0,0,0,0,0,0,0,0,0,0,0,0,0,0,0,0,0,0,0,0,0,0,0,0,0,0,0
    DB 0,0,0,0,0,0,0,0,0,0,0,0,0,0,0,0,0,0,0,0,0,0,0,0,0,0,0,0,0,0,0,0
    DB 0,0,0,0,0,0,0,0,0,0,0,0,0,0,0,0,0,0,0,0,0,0,0,0,0,0,0,0,0,0,0,0
    DB 0,0,0,0,0,0,0,0,0,0,0,0,0,0,0,0,0,0,0,0,0,0,0,0,0,0,0,0,0,0,0,0
    DB 0,0,0,0,0,0,0,59,59,59,59,59,59,0,0,59,59,59,59,235,0,0,0,0,0,0,0,0,0,0,0,0
    DB 0,0,0,0,0,0,59,110,110,110,110,110,110,59,59,153,153,153,153,153,59,235,0,0,0,0,0,0,0,0,0,0
    DB 0,0,0,0,0,59,67,67,67,67,67,59,59,153,153,110,110,110,110,110,153,153,59,0,0,0,0,0,0,0,0,0
    DB 0,0,0,0,0,0,59,59,59,67,59,153,153,110,110,110,110,110,110,110,110,110,153,59,0,0,0,0,0,0,0,0
    DB 0,0,0,0,0,0,0,0,0,59,153,110,110,110,110,153,110,110,110,110,110,110,110,110,59,0,0,0,0,0,0,0
    DB 0,0,0,0,0,0,0,0,59,110,110,110,110,110,110,110,110,110,110,110,110,110,110,110,59,0,0,0,0,0,0,0
    DB 0,0,0,0,0,0,0,59,110,110,110,110,110,110,110,110,110,110,110,110,110,110,110,110,59,0,0,0,0,0,0,0
    DB 0,0,0,0,0,0,0,59,110,153,110,110,110,110,110,110,110,110,59,59,59,110,110,110,67,59,0,0,0,0,0,0
    DB 0,0,0,0,0,0,0,59,110,110,110,110,110,153,110,110,110,59,59,59,0,59,110,110,67,59,0,0,0,0,0,0
    DB 0,0,0,0,0,0,59,110,110,110,110,110,110,110,110,110,110,59,59,59,59,59,110,110,67,59,0,0,0,0,0,0
    DB 0,0,0,0,0,0,59,110,110,110,110,110,110,110,110,110,110,59,59,59,59,59,110,110,67,59,0,0,0,0,0,0
    DB 0,0,0,0,0,0,59,110,110,110,110,110,110,110,153,153,153,153,59,59,59,153,153,110,110,110,59,59,59,0,0,0
    DB 0,0,0,0,0,0,59,110,110,110,110,110,153,153,153,153,153,181,181,181,181,153,153,153,59,110,110,110,110,59,0,0
    DB 0,0,0,0,0,59,67,110,110,153,153,153,153,153,153,153,153,153,153,153,153,153,153,153,59,67,110,110,110,59,0,0
    DB 0,0,0,0,0,59,67,110,110,153,153,153,59,59,153,153,153,153,153,153,153,153,153,153,153,110,67,110,110,59,0,0
    DB 0,0,0,0,0,59,67,110,110,153,153,59,110,153,153,67,59,153,153,153,153,153,153,153,153,153,110,67,59,0,0,0
    DB 0,0,0,0,0,59,67,110,153,153,59,110,110,110,110,67,59,146,146,146,146,146,146,146,59,59,59,59,0,0,0,0
    DB 0,0,0,0,0,59,67,153,153,146,146,59,67,67,67,59,0,59,59,59,59,59,59,59,0,0,0,0,0,0,0,0
    DB 0,0,0,0,59,59,153,153,146,59,59,0,59,59,59,0,0,59,67,67,67,59,0,0,0,0,0,0,0,0,0,0
    DB 0,0,59,59,110,59,153,146,59,0,0,0,0,0,0,0,0,59,67,67,67,59,0,0,0,0,0,0,0,0,0,0
    DB 0,59,67,110,110,110,110,59,0,0,0,0,0,0,0,0,0,0,59,59,59,0,0,0,0,0,0,0,0,0,0,0
    DB 0,0,59,67,67,67,110,110,59,0,0,0,0,0,0,0,0,0,0,0,0,0,0,0,0,0,0,0,0,0,0,0
    DB 0,0,0,59,59,59,67,110,59,0,0,0,0,0,0,0,0,0,0,0,0,0,0,0,0,0,0,0,0,0,0,0
    DB 0,0,0,0,0,0,59,67,59,0,0,0,0,0,0,0,0,0,0,0,0,0,0,0,0,0,0,0,0,0,0,0
    DB 0,0,0,0,0,0,0,59,0,0,0,0,0,0,0,0,0,0,0,0,0,0,0,0,0,0,0,0,0,0,0,0
    DB 0,0,0,0,0,0,0,0,0,0,0,0,0,0,0,0,0,0,0,0,0,0,0,0,0,0,0,0,0,0,0,0
    DB 0,0,0,0,0,0,0,0,0,0,0,0,0,0,0,0,0,0,0,0,0,0,0,0,0,0,0,0,0,0,0,0

